tx_id,sender,receiver,amount,timestamp,is_fraud,type
TX_3692,U_NORM_757,U_NORM_691,284.1,2026-01-01 00:01:00,0,normal
TX_2713,U_NORM_351,U_NORM_303,115.1,2026-01-01 00:11:00,0,normal
TX_3269,U_NORM_601,U_NORM_796,733.59,2026-01-01 00:14:00,0,normal
TX_1132,U_NORM_198,U_NORM_433,257.82,2026-01-01 00:16:00,0,normal
TX_659,U_NORM_128,U_NORM_97,275.42,2026-01-01 00:17:00,0,normal
TX_2443,U_NORM_329,U_NORM_252,302.81,2026-01-01 00:34:00,0,normal
TX_2698,U_NORM_883,U_NORM_459,716.9,2026-01-01 00:41:00,0,normal
TX_4430,U_NORM_509,U_NORM_478,438.16,2026-01-01 00:44:00,0,normal
TX_3313,U_NORM_253,U_NORM_188,323.0,2026-01-01 00:45:00,0,normal
TX_2235,U_NORM_763,U_NORM_560,559.73,2026-01-01 00:51:00,0,normal
TX_2541,U_NORM_834,U_NORM_516,723.94,2026-01-01 00:55:00,0,normal
TX_1071,U_NORM_316,U_NORM_406,477.34,2026-01-01 01:16:00,0,normal
TX_4757,U_NORM_557,U_NORM_776,296.38,2026-01-01 01:49:00,0,normal
TX_5365,U_CRIM_19,U_NORM_320,1883.13,2026-01-01 01:50:00,1,criminal_outflow
TX_2858,U_NORM_872,U_NORM_498,16.13,2026-01-01 01:52:00,0,normal
TX_6957,U_NORM_245,U_COLL_46,9697.51,2026-01-01 01:57:00,1,collector_inflow
TX_4466,U_NORM_305,U_NORM_201,444.47,2026-01-01 02:00:00,0,normal
TX_5830,U_CRIM_41,U_NORM_579,1256.68,2026-01-01 02:00:00,1,criminal_outflow
TX_915,U_NORM_282,U_NORM_164,93.43,2026-01-01 02:02:00,0,normal
TX_6590,U_NORM_786,U_COLL_28,8477.52,2026-01-01 02:07:00,1,collector_inflow
TX_4708,U_NORM_40,U_NORM_171,521.73,2026-01-01 02:08:00,0,normal
TX_3513,U_NORM_214,U_NORM_433,236.24,2026-01-01 02:16:00,0,normal
TX_5357,U_CRIM_19,U_NORM_570,1870.91,2026-01-01 02:25:00,1,criminal_outflow
TX_395,U_NORM_174,U_NORM_127,113.24,2026-01-01 02:43:00,0,normal
TX_3085,U_NORM_695,U_NORM_714,459.62,2026-01-01 02:56:00,0,normal
TX_5956,U_CRIM_47,U_NORM_14,1061.8,2026-01-01 03:00:00,1,criminal_outflow
TX_3260,U_NORM_707,U_NORM_557,247.13,2026-01-01 03:03:00,0,normal
TX_1115,U_NORM_139,U_NORM_181,330.72,2026-01-01 03:08:00,0,normal
TX_6780,U_NORM_289,U_COLL_39,8337.86,2026-01-01 03:20:00,1,collector_inflow
TX_1518,U_NORM_124,U_NORM_422,123.61,2026-01-01 03:32:00,0,normal
TX_1979,U_NORM_331,U_NORM_40,386.85,2026-01-01 03:34:00,0,normal
TX_2475,U_NORM_479,U_NORM_464,291.7,2026-01-01 03:39:00,0,normal
TX_6411,U_NORM_586,U_COLL_19,8633.7,2026-01-01 03:44:00,1,collector_inflow
TX_1273,U_NORM_262,U_NORM_405,370.08,2026-01-01 03:44:00,0,normal
TX_6600,U_NORM_551,U_COLL_29,6554.29,2026-01-01 03:53:00,1,collector_inflow
TX_1435,U_NORM_644,U_NORM_573,735.33,2026-01-01 03:57:00,0,normal
TX_4763,U_NORM_816,U_NORM_852,14.04,2026-01-01 04:02:00,0,normal
TX_151,U_NORM_115,U_NORM_266,694.98,2026-01-01 04:10:00,0,normal
TX_28,U_NORM_628,U_NORM_493,417.95,2026-01-01 04:15:00,0,normal
TX_5718,U_CRIM_35,U_NORM_547,1294.51,2026-01-01 04:15:00,1,criminal_outflow
TX_138,U_NORM_628,U_NORM_832,225.64,2026-01-01 04:16:00,0,normal
TX_4498,U_NORM_741,U_NORM_667,606.67,2026-01-01 04:19:00,0,normal
TX_38,U_NORM_662,U_NORM_861,93.24,2026-01-01 04:22:00,0,normal
TX_2210,U_NORM_593,U_NORM_470,36.77,2026-01-01 04:28:00,0,normal
TX_4649,U_NORM_612,U_NORM_520,282.28,2026-01-01 04:28:00,0,normal
TX_5884,U_CRIM_44,U_NORM_225,1713.63,2026-01-01 04:29:00,1,criminal_outflow
TX_2922,U_NORM_563,U_NORM_633,719.48,2026-01-01 04:30:00,0,normal
TX_2582,U_NORM_626,U_NORM_740,708.74,2026-01-01 04:32:00,0,normal
TX_258,U_NORM_220,U_NORM_49,118.8,2026-01-01 04:35:00,0,normal
TX_1430,U_NORM_27,U_NORM_286,390.78,2026-01-01 04:41:00,0,normal
TX_2190,U_NORM_600,U_NORM_805,256.31,2026-01-01 04:48:00,0,normal
TX_6453,U_NORM_277,U_COLL_21,9591.23,2026-01-01 05:07:00,1,collector_inflow
TX_1528,U_NORM_90,U_NORM_250,149.64,2026-01-01 05:18:00,0,normal
TX_4302,U_NORM_641,U_NORM_851,245.94,2026-01-01 05:19:00,0,normal
TX_5354,U_CRIM_18,U_NORM_319,1994.68,2026-01-01 05:19:00,1,criminal_outflow
TX_2380,U_NORM_71,U_NORM_333,342.06,2026-01-01 05:31:00,0,normal
TX_3067,U_NORM_385,U_NORM_449,527.54,2026-01-01 05:31:00,0,normal
TX_5386,U_CRIM_20,U_NORM_404,607.62,2026-01-01 05:32:00,1,criminal_outflow
TX_5689,U_CRIM_34,U_NORM_879,872.19,2026-01-01 05:57:00,1,criminal_outflow
TX_6391,U_NORM_320,U_COLL_19,5616.4,2026-01-01 06:06:00,1,collector_inflow
TX_5880,U_CRIM_44,U_NORM_6,987.07,2026-01-01 06:11:00,1,criminal_outflow
TX_1606,U_NORM_887,U_NORM_541,746.14,2026-01-01 06:11:00,0,normal
TX_3588,U_NORM_109,U_NORM_360,299.38,2026-01-01 06:13:00,0,normal
TX_3727,U_NORM_551,U_NORM_579,384.9,2026-01-01 06:15:00,0,normal
TX_1212,U_NORM_487,U_NORM_882,712.95,2026-01-01 06:28:00,0,normal
TX_5609,U_CRIM_30,U_NORM_358,1977.37,2026-01-01 07:00:00,1,criminal_outflow
TX_3997,U_NORM_826,U_NORM_477,151.0,2026-01-01 07:02:00,0,normal
TX_6536,U_NORM_401,U_COLL_26,9194.68,2026-01-01 07:21:00,1,collector_inflow
TX_386,U_NORM_351,U_NORM_246,703.74,2026-01-01 07:25:00,0,normal
TX_3992,U_NORM_5,U_NORM_232,178.56,2026-01-01 07:25:00,0,normal
TX_3421,U_NORM_812,U_NORM_875,119.71,2026-01-01 07:35:00,0,normal
TX_4199,U_NORM_363,U_NORM_182,381.23,2026-01-01 07:35:00,0,normal
TX_5998,U_NORM_503,U_COLL_0,9179.76,2026-01-01 07:44:00,1,collector_inflow
TX_4163,U_NORM_501,U_NORM_648,258.43,2026-01-01 07:45:00,0,normal
TX_5591,U_CRIM_30,U_NORM_338,1256.29,2026-01-01 07:47:00,1,criminal_outflow
TX_5872,U_CRIM_44,U_NORM_467,690.28,2026-01-01 07:55:00,1,criminal_outflow
TX_4822,U_NORM_800,U_NORM_481,372.6,2026-01-01 07:55:00,0,normal
TX_2812,U_NORM_124,U_NORM_401,138.75,2026-01-01 07:55:00,0,normal
TX_109,U_NORM_676,U_NORM_882,705.54,2026-01-01 07:56:00,0,normal
TX_3135,U_NORM_227,U_NORM_236,634.52,2026-01-01 08:21:00,0,normal
TX_2326,U_NORM_441,U_NORM_107,511.25,2026-01-01 08:26:00,0,normal
TX_111,U_NORM_176,U_NORM_103,779.35,2026-01-01 08:28:00,0,normal
TX_3014,U_NORM_185,U_NORM_309,340.38,2026-01-01 08:29:00,0,normal
TX_6819,U_NORM_467,U_COLL_40,9940.21,2026-01-01 08:31:00,1,collector_inflow
TX_2506,U_NORM_53,U_NORM_75,88.43,2026-01-01 08:33:00,0,normal
TX_4827,U_NORM_489,U_NORM_843,389.83,2026-01-01 08:36:00,0,normal
TX_4200,U_NORM_721,U_NORM_460,113.19,2026-01-01 08:43:00,0,normal
TX_3424,U_NORM_577,U_NORM_819,82.09,2026-01-01 08:44:00,0,normal
TX_2369,U_NORM_542,U_NORM_780,771.17,2026-01-01 08:54:00,0,normal
TX_986,U_NORM_461,U_NORM_781,95.89,2026-01-01 09:06:00,0,normal
TX_407,U_NORM_702,U_NORM_514,673.33,2026-01-01 09:08:00,0,normal
TX_6242,U_NORM_512,U_COLL_10,5015.87,2026-01-01 09:12:00,1,collector_inflow
TX_5120,U_CRIM_6,U_NORM_629,1070.85,2026-01-01 09:14:00,1,criminal_outflow
TX_1524,U_NORM_277,U_NORM_9,30.7,2026-01-01 09:17:00,0,normal
TX_2533,U_NORM_707,U_NORM_712,760.16,2026-01-01 09:21:00,0,normal
TX_2064,U_NORM_116,U_NORM_353,295.39,2026-01-01 09:25:00,0,normal
TX_1195,U_NORM_468,U_NORM_537,724.69,2026-01-01 09:32:00,0,normal
TX_3350,U_NORM_812,U_NORM_668,427.88,2026-01-01 09:46:00,0,normal
TX_6170,U_NORM_19,U_COLL_7,7197.23,2026-01-01 09:47:00,1,collector_inflow
TX_1775,U_NORM_172,U_NORM_408,416.52,2026-01-01 10:07:00,0,normal
TX_2691,U_NORM_498,U_NORM_723,8.59,2026-01-01 10:10:00,0,normal
TX_2596,U_NORM_11,U_NORM_303,456.05,2026-01-01 10:26:00,0,normal
TX_2957,U_NORM_518,U_NORM_793,48.77,2026-01-01 10:30:00,0,normal
TX_5678,U_CRIM_34,U_NORM_576,1539.46,2026-01-01 10:31:00,1,criminal_outflow
TX_376,U_NORM_639,U_NORM_612,631.56,2026-01-01 10:41:00,0,normal
TX_2462,U_NORM_595,U_NORM_662,710.67,2026-01-01 10:43:00,0,normal
TX_3682,U_NORM_628,U_NORM_546,683.49,2026-01-01 10:47:00,0,normal
TX_1886,U_NORM_248,U_NORM_30,619.65,2026-01-01 10:49:00,0,normal
TX_145,U_NORM_436,U_NORM_351,218.88,2026-01-01 11:10:00,0,normal
TX_3412,U_NORM_187,U_NORM_360,256.99,2026-01-01 11:17:00,0,normal
TX_5242,U_CRIM_12,U_NORM_24,913.91,2026-01-01 11:36:00,1,criminal_outflow
TX_1924,U_NORM_22,U_NORM_245,533.49,2026-01-01 11:42:00,0,normal
TX_6154,U_NORM_850,U_COLL_7,7590.22,2026-01-01 11:42:00,1,collector_inflow
TX_3480,U_NORM_752,U_NORM_620,576.73,2026-01-01 11:43:00,0,normal
TX_1931,U_NORM_545,U_NORM_700,92.64,2026-01-01 11:51:00,0,normal
TX_1830,U_NORM_103,U_NORM_94,775.23,2026-01-01 11:55:00,0,normal
TX_5474,U_CRIM_24,U_NORM_502,1088.97,2026-01-01 12:23:00,1,criminal_outflow
TX_5522,U_CRIM_26,U_NORM_318,1770.01,2026-01-01 12:25:00,1,criminal_outflow
TX_1743,U_NORM_505,U_NORM_511,381.26,2026-01-01 12:28:00,0,normal
TX_2720,U_NORM_882,U_NORM_809,529.19,2026-01-01 12:34:00,0,normal
TX_5965,U_CRIM_48,U_NORM_864,694.3,2026-01-01 12:42:00,1,criminal_outflow
TX_1434,U_NORM_880,U_NORM_622,57.25,2026-01-01 12:50:00,0,normal
TX_2938,U_NORM_73,U_NORM_259,295.44,2026-01-01 12:58:00,0,normal
TX_3447,U_NORM_106,U_NORM_393,603.94,2026-01-01 13:02:00,0,normal
TX_583,U_NORM_62,U_NORM_271,107.15,2026-01-01 13:03:00,0,normal
TX_222,U_NORM_366,U_NORM_285,369.15,2026-01-01 13:08:00,0,normal
TX_474,U_NORM_125,U_NORM_399,74.52,2026-01-01 13:09:00,0,normal
TX_1377,U_NORM_821,U_NORM_689,754.27,2026-01-01 13:12:00,0,normal
TX_2442,U_NORM_104,U_NORM_276,309.38,2026-01-01 13:15:00,0,normal
TX_4330,U_NORM_6,U_NORM_312,784.26,2026-01-01 13:23:00,0,normal
TX_6471,U_NORM_660,U_COLL_22,5070.81,2026-01-01 13:24:00,1,collector_inflow
TX_6014,U_NORM_131,U_COLL_1,8570.29,2026-01-01 13:30:00,1,collector_inflow
TX_4077,U_NORM_893,U_NORM_753,341.89,2026-01-01 13:41:00,0,normal
TX_3329,U_NORM_745,U_NORM_461,105.05,2026-01-01 13:45:00,0,normal
TX_3005,U_NORM_76,U_NORM_429,512.68,2026-01-01 13:50:00,0,normal
TX_5089,U_CRIM_4,U_NORM_806,661.7,2026-01-01 13:51:00,1,criminal_outflow
TX_5577,U_CRIM_29,U_NORM_3,1409.66,2026-01-01 13:59:00,1,criminal_outflow
TX_5506,U_CRIM_25,U_NORM_258,1683.93,2026-01-01 14:07:00,1,criminal_outflow
TX_6777,U_NORM_301,U_COLL_39,5184.51,2026-01-01 14:09:00,1,collector_inflow
TX_2297,U_NORM_693,U_NORM_858,310.56,2026-01-01 14:12:00,0,normal
TX_6188,U_NORM_519,U_COLL_8,6011.85,2026-01-01 14:14:00,1,collector_inflow
TX_5431,U_CRIM_22,U_NORM_318,1094.71,2026-01-01 14:19:00,1,criminal_outflow
TX_3698,U_NORM_51,U_NORM_0,125.73,2026-01-01 14:38:00,0,normal
TX_3484,U_NORM_120,U_NORM_197,678.86,2026-01-01 14:39:00,0,normal
TX_1517,U_NORM_21,U_NORM_185,295.17,2026-01-01 14:42:00,0,normal
TX_6887,U_NORM_418,U_COLL_43,6514.78,2026-01-01 14:45:00,1,collector_inflow
TX_2958,U_NORM_353,U_NORM_318,754.89,2026-01-01 15:04:00,0,normal
TX_2925,U_NORM_208,U_NORM_226,416.89,2026-01-01 15:06:00,0,normal
TX_2743,U_NORM_159,U_NORM_365,464.36,2026-01-01 15:07:00,0,normal
TX_2689,U_NORM_542,U_NORM_886,775.95,2026-01-01 15:11:00,0,normal
TX_2572,U_NORM_170,U_NORM_429,125.05,2026-01-01 15:18:00,0,normal
TX_3942,U_NORM_375,U_NORM_389,737.67,2026-01-01 15:30:00,0,normal
TX_7008,U_NORM_322,U_COLL_48,9471.51,2026-01-01 15:49:00,1,collector_inflow
TX_1450,U_NORM_125,U_NORM_391,105.37,2026-01-01 16:02:00,0,normal
TX_4203,U_NORM_213,U_NORM_434,124.75,2026-01-01 16:02:00,0,normal
TX_4873,U_NORM_344,U_NORM_263,660.21,2026-01-01 16:04:00,0,normal
TX_7042,U_NORM_18,U_COLL_49,8412.1,2026-01-01 16:07:00,1,collector_inflow
TX_5653,U_CRIM_32,U_NORM_641,1739.88,2026-01-01 16:14:00,1,criminal_outflow
TX_349,U_NORM_52,U_NORM_168,646.85,2026-01-01 16:17:00,0,normal
TX_1250,U_NORM_264,U_NORM_440,148.68,2026-01-01 16:31:00,0,normal
TX_6893,U_NORM_619,U_COLL_43,5605.9,2026-01-01 16:50:00,1,collector_inflow
TX_3122,U_NORM_602,U_NORM_714,575.9,2026-01-01 17:22:00,0,normal
TX_5791,U_CRIM_39,U_NORM_420,542.35,2026-01-01 17:26:00,1,criminal_outflow
TX_752,U_NORM_536,U_NORM_779,129.91,2026-01-01 17:39:00,0,normal
TX_2385,U_NORM_377,U_NORM_280,416.85,2026-01-01 17:40:00,0,normal
TX_2384,U_NORM_704,U_NORM_455,412.92,2026-01-01 17:49:00,0,normal
TX_3752,U_NORM_141,U_NORM_144,761.31,2026-01-01 17:59:00,0,normal
TX_2179,U_NORM_22,U_NORM_207,172.25,2026-01-01 18:06:00,0,normal
TX_2215,U_NORM_371,U_NORM_266,605.38,2026-01-01 18:09:00,0,normal
TX_1092,U_NORM_447,U_NORM_261,129.15,2026-01-01 18:09:00,0,normal
TX_1270,U_NORM_290,U_NORM_367,16.12,2026-01-01 18:22:00,0,normal
TX_5009,U_CRIM_0,U_NORM_387,1691.79,2026-01-01 18:26:00,1,criminal_outflow
TX_2611,U_NORM_111,U_NORM_318,698.74,2026-01-01 18:28:00,0,normal
TX_701,U_NORM_347,U_NORM_186,775.71,2026-01-01 18:29:00,0,normal
TX_4432,U_NORM_148,U_NORM_109,113.85,2026-01-01 18:29:00,0,normal
TX_4778,U_NORM_19,U_NORM_110,554.74,2026-01-01 18:34:00,0,normal
TX_7004,U_NORM_735,U_COLL_48,7056.78,2026-01-01 18:36:00,1,collector_inflow
TX_2724,U_NORM_456,U_NORM_512,682.37,2026-01-01 18:43:00,0,normal
TX_2797,U_NORM_179,U_NORM_96,440.79,2026-01-01 18:49:00,0,normal
TX_1533,U_NORM_450,U_NORM_558,161.8,2026-01-01 19:03:00,0,normal
TX_1449,U_NORM_706,U_NORM_748,178.1,2026-01-01 19:11:00,0,normal
TX_1480,U_NORM_140,U_NORM_41,165.42,2026-01-01 19:30:00,0,normal
TX_3106,U_NORM_276,U_NORM_162,499.52,2026-01-01 19:32:00,0,normal
TX_5617,U_CRIM_31,U_NORM_839,1393.6,2026-01-01 19:37:00,1,criminal_outflow
TX_3872,U_NORM_301,U_NORM_439,157.2,2026-01-01 19:40:00,0,normal
TX_273,U_NORM_258,U_NORM_429,122.09,2026-01-01 19:50:00,0,normal
TX_3743,U_NORM_178,U_NORM_258,706.5,2026-01-01 19:56:00,0,normal
TX_3569,U_NORM_83,U_NORM_121,477.43,2026-01-01 19:57:00,0,normal
TX_5810,U_CRIM_40,U_NORM_446,688.49,2026-01-01 19:59:00,1,criminal_outflow
TX_7047,U_NORM_315,U_COLL_49,9895.44,2026-01-01 20:06:00,1,collector_inflow
TX_4899,U_NORM_78,U_NORM_384,300.65,2026-01-01 20:08:00,0,normal
TX_1747,U_NORM_68,U_NORM_229,367.66,2026-01-01 20:13:00,0,normal
TX_2127,U_NORM_830,U_NORM_490,68.2,2026-01-01 20:22:00,0,normal
TX_1200,U_NORM_279,U_NORM_346,397.61,2026-01-01 20:24:00,0,normal
TX_4594,U_NORM_154,U_NORM_318,65.97,2026-01-01 20:25:00,0,normal
TX_3652,U_NORM_100,U_NORM_276,387.91,2026-01-01 20:30:00,0,normal
TX_2125,U_NORM_634,U_NORM_845,675.15,2026-01-01 20:33:00,0,normal
TX_457,U_NORM_739,U_NORM_864,443.16,2026-01-01 20:38:00,0,normal
TX_4946,U_NORM_844,U_NORM_733,403.15,2026-01-01 20:52:00,0,normal
TX_3403,U_NORM_765,U_NORM_598,700.15,2026-01-01 20:53:00,0,normal
TX_5046,U_CRIM_2,U_NORM_789,745.59,2026-01-01 20:59:00,1,criminal_outflow
TX_2626,U_NORM_604,U_NORM_528,262.51,2026-01-01 21:10:00,0,normal
TX_1211,U_NORM_174,U_NORM_269,334.15,2026-01-01 21:22:00,0,normal
TX_4878,U_NORM_775,U_NORM_586,67.45,2026-01-01 21:29:00,0,normal
TX_6941,U_NORM_724,U_COLL_46,5447.52,2026-01-01 21:32:00,1,collector_inflow
TX_4560,U_NORM_599,U_NORM_510,692.73,2026-01-01 21:35:00,0,normal
TX_6430,U_NORM_767,U_COLL_20,7041.89,2026-01-01 21:40:00,1,collector_inflow
TX_5769,U_CRIM_38,U_NORM_55,666.98,2026-01-01 21:45:00,1,criminal_outflow
TX_1423,U_NORM_142,U_NORM_398,415.63,2026-01-01 21:45:00,0,normal
TX_4023,U_NORM_351,U_NORM_325,501.75,2026-01-01 21:48:00,0,normal
TX_6236,U_NORM_570,U_COLL_10,6659.49,2026-01-01 21:51:00,1,collector_inflow
TX_2813,U_NORM_644,U_NORM_450,418.18,2026-01-01 21:56:00,0,normal
TX_5578,U_CRIM_29,U_NORM_365,1600.66,2026-01-01 22:02:00,1,criminal_outflow
TX_3185,U_NORM_132,U_NORM_313,431.48,2026-01-01 22:06:00,0,normal
TX_6494,U_NORM_392,U_COLL_24,8730.42,2026-01-01 22:12:00,1,collector_inflow
TX_2122,U_NORM_245,U_NORM_398,491.1,2026-01-01 22:26:00,0,normal
TX_6268,U_NORM_441,U_COLL_12,9379.0,2026-01-01 22:36:00,1,collector_inflow
TX_72,U_NORM_356,U_NORM_98,489.17,2026-01-01 22:38:00,0,normal
TX_1841,U_NORM_96,U_NORM_204,491.94,2026-01-01 22:41:00,0,normal
TX_2336,U_NORM_27,U_NORM_63,530.88,2026-01-01 22:43:00,0,normal
TX_1577,U_NORM_39,U_NORM_43,553.74,2026-01-01 22:45:00,0,normal
TX_5877,U_CRIM_44,U_NORM_692,1965.77,2026-01-01 22:45:00,1,criminal_outflow
TX_6380,U_NORM_294,U_COLL_18,8705.75,2026-01-01 22:46:00,1,collector_inflow
TX_5536,U_CRIM_27,U_NORM_194,1679.45,2026-01-01 22:56:00,1,criminal_outflow
TX_487,U_NORM_310,U_NORM_231,706.66,2026-01-01 23:06:00,0,normal
TX_4949,U_NORM_169,U_NORM_92,127.59,2026-01-01 23:06:00,0,normal
TX_4961,U_NORM_775,U_NORM_826,403.29,2026-01-01 23:27:00,0,normal
TX_6190,U_NORM_586,U_COLL_8,9136.41,2026-01-01 23:31:00,1,collector_inflow
TX_6245,U_NORM_77,U_COLL_10,5720.52,2026-01-01 23:40:00,1,collector_inflow
TX_6392,U_NORM_663,U_COLL_19,6125.63,2026-01-01 23:44:00,1,collector_inflow
TX_746,U_NORM_295,U_NORM_26,470.23,2026-01-01 23:53:00,0,normal
TX_2540,U_NORM_415,U_NORM_309,117.85,2026-01-02 00:04:00,0,normal
TX_4578,U_NORM_680,U_NORM_763,786.86,2026-01-02 00:10:00,0,normal
TX_6340,U_NORM_172,U_COLL_16,7779.49,2026-01-02 00:21:00,1,collector_inflow
TX_2716,U_NORM_405,U_NORM_184,359.56,2026-01-02 00:22:00,0,normal
TX_5084,U_CRIM_4,U_NORM_789,1594.47,2026-01-02 00:26:00,1,criminal_outflow
TX_635,U_NORM_16,U_NORM_298,396.05,2026-01-02 00:36:00,0,normal
TX_4375,U_NORM_726,U_NORM_872,638.33,2026-01-02 00:39:00,0,normal
TX_4312,U_NORM_725,U_NORM_827,591.26,2026-01-02 00:45:00,0,normal
TX_1505,U_NORM_419,U_NORM_182,475.72,2026-01-02 00:49:00,0,normal
TX_5582,U_CRIM_29,U_NORM_573,744.85,2026-01-02 00:59:00,1,criminal_outflow
TX_5325,U_CRIM_16,U_NORM_356,1273.9,2026-01-02 01:04:00,1,criminal_outflow
TX_731,U_NORM_321,U_NORM_379,531.67,2026-01-02 01:11:00,0,normal
TX_5788,U_CRIM_39,U_NORM_320,1367.88,2026-01-02 01:15:00,1,criminal_outflow
TX_4,U_NORM_360,U_NORM_33,454.91,2026-01-02 01:17:00,0,normal
TX_3717,U_NORM_291,U_NORM_389,372.11,2026-01-02 01:18:00,0,normal
TX_3018,U_NORM_752,U_NORM_670,16.87,2026-01-02 01:40:00,0,normal
TX_6070,U_NORM_400,U_COLL_3,6274.31,2026-01-02 01:46:00,1,collector_inflow
TX_5186,U_CRIM_9,U_NORM_505,1081.97,2026-01-02 01:53:00,1,criminal_outflow
TX_6302,U_NORM_730,U_COLL_14,7033.52,2026-01-02 01:57:00,1,collector_inflow
TX_2202,U_NORM_260,U_NORM_112,751.06,2026-01-02 02:04:00,0,normal
TX_6477,U_NORM_69,U_COLL_23,7186.1,2026-01-02 02:08:00,1,collector_inflow
TX_2710,U_NORM_575,U_NORM_454,661.03,2026-01-02 02:19:00,0,normal
TX_5785,U_CRIM_39,U_NORM_57,1677.39,2026-01-02 02:19:00,1,criminal_outflow
TX_4996,U_NORM_0,U_NORM_327,150.14,2026-01-02 02:27:00,0,normal
TX_1317,U_NORM_377,U_NORM_131,28.04,2026-01-02 02:34:00,0,normal
TX_7040,U_NORM_875,U_COLL_49,7230.09,2026-01-02 02:42:00,1,collector_inflow
TX_4295,U_NORM_290,U_NORM_165,241.38,2026-01-02 02:47:00,0,normal
TX_194,U_NORM_687,U_NORM_882,684.8,2026-01-02 02:52:00,0,normal
TX_4323,U_NORM_65,U_NORM_409,103.16,2026-01-02 02:52:00,0,normal
TX_1245,U_NORM_802,U_NORM_804,225.54,2026-01-02 03:15:00,0,normal
TX_6821,U_NORM_17,U_COLL_40,5474.41,2026-01-02 03:25:00,1,collector_inflow
TX_6468,U_NORM_712,U_COLL_22,7696.19,2026-01-02 03:29:00,1,collector_inflow
TX_6272,U_NORM_849,U_COLL_12,8024.76,2026-01-02 03:33:00,1,collector_inflow
TX_5723,U_CRIM_36,U_NORM_389,1942.67,2026-01-02 03:43:00,1,criminal_outflow
TX_2445,U_NORM_80,U_NORM_414,298.51,2026-01-02 03:49:00,0,normal
TX_5563,U_CRIM_29,U_NORM_624,992.49,2026-01-02 03:51:00,1,criminal_outflow
TX_3325,U_NORM_765,U_NORM_526,23.45,2026-01-02 04:00:00,0,normal
TX_4510,U_NORM_223,U_NORM_444,128.64,2026-01-02 04:12:00,0,normal
TX_1817,U_NORM_731,U_NORM_896,654.96,2026-01-02 04:25:00,0,normal
TX_1928,U_NORM_832,U_NORM_748,629.64,2026-01-02 04:39:00,0,normal
TX_3930,U_NORM_222,U_NORM_157,680.21,2026-01-02 04:43:00,0,normal
TX_4177,U_NORM_123,U_NORM_449,367.15,2026-01-02 04:43:00,0,normal
TX_5630,U_CRIM_31,U_NORM_736,1914.84,2026-01-02 04:46:00,1,criminal_outflow
TX_488,U_NORM_506,U_NORM_755,73.16,2026-01-02 04:48:00,0,normal
TX_1300,U_NORM_606,U_NORM_653,780.44,2026-01-02 04:51:00,0,normal
TX_2044,U_NORM_816,U_NORM_720,400.85,2026-01-02 04:53:00,0,normal
TX_6578,U_NORM_174,U_COLL_28,7348.65,2026-01-02 04:58:00,1,collector_inflow
TX_1715,U_NORM_429,U_NORM_169,555.23,2026-01-02 05:01:00,0,normal
TX_5292,U_CRIM_14,U_NORM_712,1072.82,2026-01-02 05:06:00,1,criminal_outflow
TX_1693,U_NORM_749,U_NORM_678,753.77,2026-01-02 05:16:00,0,normal
TX_6459,U_NORM_618,U_COLL_22,9903.08,2026-01-02 05:17:00,1,collector_inflow
TX_6719,U_NORM_370,U_COLL_36,9973.36,2026-01-02 05:19:00,1,collector_inflow
TX_1357,U_NORM_523,U_NORM_861,24.76,2026-01-02 05:32:00,0,normal
TX_6755,U_NORM_647,U_COLL_37,5617.14,2026-01-02 05:35:00,1,collector_inflow
TX_4838,U_NORM_212,U_NORM_50,371.21,2026-01-02 05:46:00,0,normal
TX_2038,U_NORM_894,U_NORM_813,255.2,2026-01-02 05:50:00,0,normal
TX_5179,U_CRIM_9,U_NORM_267,1880.14,2026-01-02 06:06:00,1,criminal_outflow
TX_1797,U_NORM_857,U_NORM_623,386.96,2026-01-02 06:12:00,0,normal
TX_869,U_NORM_348,U_NORM_323,770.15,2026-01-02 06:19:00,0,normal
TX_4066,U_NORM_318,U_NORM_146,246.17,2026-01-02 06:27:00,0,normal
TX_2267,U_NORM_708,U_NORM_846,234.37,2026-01-02 06:33:00,0,normal
TX_1626,U_NORM_601,U_NORM_742,784.28,2026-01-02 06:35:00,0,normal
TX_3442,U_NORM_820,U_NORM_647,760.44,2026-01-02 06:48:00,0,normal
TX_3649,U_NORM_798,U_NORM_739,296.15,2026-01-02 06:56:00,0,normal
TX_5318,U_CRIM_16,U_NORM_457,1948.44,2026-01-02 06:57:00,1,criminal_outflow
TX_2275,U_NORM_828,U_NORM_843,62.57,2026-01-02 06:58:00,0,normal
TX_2313,U_NORM_315,U_NORM_194,739.45,2026-01-02 07:13:00,0,normal
TX_3626,U_NORM_525,U_NORM_749,582.13,2026-01-02 07:15:00,0,normal
TX_2783,U_NORM_2,U_NORM_7,163.03,2026-01-02 07:18:00,0,normal
TX_6635,U_NORM_127,U_COLL_31,6489.15,2026-01-02 07:30:00,1,collector_inflow
TX_3306,U_NORM_565,U_NORM_794,756.25,2026-01-02 07:31:00,0,normal
TX_1460,U_NORM_342,U_NORM_238,689.17,2026-01-02 07:48:00,0,normal
TX_1303,U_NORM_342,U_NORM_50,208.8,2026-01-02 07:48:00,0,normal
TX_761,U_NORM_814,U_NORM_596,397.47,2026-01-02 07:51:00,0,normal
TX_170,U_NORM_242,U_NORM_98,530.99,2026-01-02 08:00:00,0,normal
TX_230,U_NORM_512,U_NORM_720,431.29,2026-01-02 08:01:00,0,normal
TX_3521,U_NORM_444,U_NORM_130,711.94,2026-01-02 08:03:00,0,normal
TX_2430,U_NORM_349,U_NORM_21,275.14,2026-01-02 08:22:00,0,normal
TX_6492,U_NORM_871,U_COLL_24,9341.4,2026-01-02 08:29:00,1,collector_inflow
TX_1582,U_NORM_596,U_NORM_848,720.77,2026-01-02 08:30:00,0,normal
TX_6596,U_NORM_611,U_COLL_28,6587.71,2026-01-02 08:31:00,1,collector_inflow
TX_4710,U_NORM_239,U_NORM_400,398.42,2026-01-02 08:35:00,0,normal
TX_1878,U_NORM_852,U_NORM_491,43.71,2026-01-02 08:43:00,0,normal
TX_5772,U_CRIM_38,U_NORM_95,1389.47,2026-01-02 08:54:00,1,criminal_outflow
TX_636,U_NORM_787,U_NORM_676,20.87,2026-01-02 09:06:00,0,normal
TX_433,U_NORM_600,U_NORM_620,677.73,2026-01-02 09:13:00,0,normal
TX_3836,U_NORM_213,U_NORM_225,594.73,2026-01-02 09:16:00,0,normal
TX_7065,U_NORM_119,U_NORM_878,51.9,2026-01-02 09:22:00,0,bridge
TX_4886,U_NORM_721,U_NORM_558,551.64,2026-01-02 09:25:00,0,normal
TX_5020,U_CRIM_1,U_NORM_382,771.0,2026-01-02 09:31:00,1,criminal_outflow
TX_3848,U_NORM_681,U_NORM_867,213.51,2026-01-02 09:48:00,0,normal
TX_1627,U_NORM_454,U_NORM_547,771.25,2026-01-02 09:53:00,0,normal
TX_5008,U_CRIM_0,U_NORM_672,678.03,2026-01-02 09:56:00,1,criminal_outflow
TX_2766,U_NORM_551,U_NORM_574,620.48,2026-01-02 10:05:00,0,normal
TX_6066,U_NORM_872,U_COLL_3,9686.97,2026-01-02 10:11:00,1,collector_inflow
TX_1866,U_NORM_576,U_NORM_775,531.37,2026-01-02 10:12:00,0,normal
TX_4668,U_NORM_815,U_NORM_758,249.66,2026-01-02 10:20:00,0,normal
TX_872,U_NORM_392,U_NORM_256,218.89,2026-01-02 10:28:00,0,normal
TX_5968,U_CRIM_48,U_NORM_764,1001.77,2026-01-02 10:42:00,1,criminal_outflow
TX_5276,U_CRIM_14,U_NORM_462,876.52,2026-01-02 10:44:00,1,criminal_outflow
TX_104,U_NORM_469,U_NORM_846,123.79,2026-01-02 10:58:00,0,normal
TX_4252,U_NORM_755,U_NORM_766,184.07,2026-01-02 11:01:00,0,normal
TX_435,U_NORM_578,U_NORM_507,16.77,2026-01-02 11:06:00,0,normal
TX_5929,U_CRIM_46,U_NORM_237,1241.01,2026-01-02 11:08:00,1,criminal_outflow
TX_4603,U_NORM_386,U_NORM_244,475.21,2026-01-02 11:09:00,0,normal
TX_2624,U_NORM_352,U_NORM_12,617.13,2026-01-02 11:14:00,0,normal
TX_2177,U_NORM_517,U_NORM_641,727.64,2026-01-02 11:28:00,0,normal
TX_2887,U_NORM_14,U_NORM_71,8.62,2026-01-02 11:41:00,0,normal
TX_3963,U_NORM_670,U_NORM_871,202.79,2026-01-02 11:42:00,0,normal
TX_5493,U_CRIM_25,U_NORM_879,1017.14,2026-01-02 11:49:00,1,criminal_outflow
TX_5925,U_CRIM_46,U_NORM_273,629.76,2026-01-02 11:51:00,1,criminal_outflow
TX_5927,U_CRIM_46,U_NORM_598,1645.97,2026-01-02 11:54:00,1,criminal_outflow
TX_3706,U_NORM_525,U_NORM_634,641.93,2026-01-02 11:56:00,0,normal
TX_6815,U_NORM_895,U_COLL_40,6882.88,2026-01-02 12:01:00,1,collector_inflow
TX_5245,U_CRIM_12,U_NORM_552,1639.63,2026-01-02 12:11:00,1,criminal_outflow
TX_3998,U_NORM_172,U_NORM_286,669.45,2026-01-02 12:21:00,0,normal
TX_4383,U_NORM_356,U_NORM_251,642.49,2026-01-02 12:30:00,0,normal
TX_5892,U_CRIM_45,U_NORM_562,1320.95,2026-01-02 12:31:00,1,criminal_outflow
TX_6529,U_NORM_437,U_COLL_25,6511.16,2026-01-02 12:34:00,1,collector_inflow
TX_1349,U_NORM_297,U_NORM_182,236.55,2026-01-02 12:47:00,0,normal
TX_4799,U_NORM_530,U_NORM_648,330.06,2026-01-02 12:50:00,0,normal
TX_3952,U_NORM_745,U_NORM_637,105.07,2026-01-02 12:54:00,0,normal
TX_858,U_NORM_510,U_NORM_770,70.64,2026-01-02 12:56:00,0,normal
TX_2551,U_NORM_817,U_NORM_659,654.63,2026-01-02 12:56:00,0,normal
TX_3222,U_NORM_47,U_NORM_290,767.18,2026-01-02 13:02:00,0,normal
TX_1553,U_NORM_373,U_NORM_445,758.14,2026-01-02 13:18:00,0,normal
TX_2165,U_NORM_482,U_NORM_866,550.73,2026-01-02 13:20:00,0,normal
TX_2736,U_NORM_515,U_NORM_804,641.15,2026-01-02 13:20:00,0,normal
TX_2943,U_NORM_308,U_NORM_214,411.46,2026-01-02 13:21:00,0,normal
TX_6045,U_NORM_327,U_COLL_2,9250.48,2026-01-02 13:39:00,1,collector_inflow
TX_758,U_NORM_810,U_NORM_673,446.57,2026-01-02 13:42:00,0,normal
TX_3262,U_NORM_693,U_NORM_550,559.23,2026-01-02 13:46:00,0,normal
TX_2886,U_NORM_374,U_NORM_408,40.38,2026-01-02 13:50:00,0,normal
TX_4777,U_NORM_5,U_NORM_101,651.75,2026-01-02 14:10:00,0,normal
TX_1055,U_NORM_354,U_NORM_74,333.17,2026-01-02 14:15:00,0,normal
TX_2775,U_NORM_391,U_NORM_357,784.61,2026-01-02 14:20:00,0,normal
TX_6759,U_NORM_417,U_COLL_38,5023.51,2026-01-02 14:24:00,1,collector_inflow
TX_5433,U_CRIM_22,U_NORM_108,1272.53,2026-01-02 14:28:00,1,criminal_outflow
TX_3116,U_NORM_769,U_NORM_536,290.08,2026-01-02 14:37:00,0,normal
TX_1461,U_NORM_239,U_NORM_0,747.8,2026-01-02 14:45:00,0,normal
TX_6743,U_NORM_274,U_COLL_37,6327.08,2026-01-02 14:51:00,1,collector_inflow
TX_5274,U_CRIM_14,U_NORM_27,549.74,2026-01-02 14:56:00,1,criminal_outflow
TX_5603,U_CRIM_30,U_NORM_618,571.91,2026-01-02 14:58:00,1,criminal_outflow
TX_504,U_NORM_188,U_NORM_366,352.64,2026-01-02 15:09:00,0,normal
TX_2089,U_NORM_876,U_NORM_752,777.05,2026-01-02 15:15:00,0,normal
TX_1481,U_NORM_347,U_NORM_218,11.89,2026-01-02 15:16:00,0,normal
TX_767,U_NORM_851,U_NORM_614,363.84,2026-01-02 15:16:00,0,normal
TX_649,U_NORM_888,U_NORM_567,8.77,2026-01-02 15:20:00,0,normal
TX_582,U_NORM_786,U_NORM_728,527.49,2026-01-02 15:27:00,0,normal
TX_5374,U_CRIM_19,U_NORM_628,1028.71,2026-01-02 15:40:00,1,criminal_outflow
TX_3368,U_NORM_391,U_NORM_324,726.85,2026-01-02 16:03:00,0,normal
TX_1065,U_NORM_480,U_NORM_771,124.78,2026-01-02 16:08:00,0,normal
TX_3166,U_NORM_849,U_NORM_481,447.17,2026-01-02 16:23:00,0,normal
TX_3298,U_NORM_359,U_NORM_138,685.45,2026-01-02 16:33:00,0,normal
TX_3899,U_NORM_581,U_NORM_555,174.26,2026-01-02 16:42:00,0,normal
TX_1090,U_NORM_58,U_NORM_138,243.18,2026-01-02 16:59:00,0,normal
TX_1717,U_NORM_522,U_NORM_524,637.23,2026-01-02 17:00:00,0,normal
TX_2208,U_NORM_874,U_NORM_729,752.68,2026-01-02 17:03:00,0,normal
TX_3855,U_NORM_254,U_NORM_46,321.46,2026-01-02 17:07:00,0,normal
TX_757,U_NORM_787,U_NORM_870,32.67,2026-01-02 17:09:00,0,normal
TX_4205,U_NORM_355,U_NORM_20,479.53,2026-01-02 17:10:00,0,normal
TX_910,U_NORM_99,U_NORM_320,241.58,2026-01-02 17:21:00,0,normal
TX_384,U_NORM_286,U_NORM_252,164.69,2026-01-02 17:28:00,0,normal
TX_2029,U_NORM_461,U_NORM_699,392.03,2026-01-02 17:37:00,0,normal
TX_1690,U_NORM_450,U_NORM_776,720.19,2026-01-02 17:56:00,0,normal
TX_3501,U_NORM_54,U_NORM_235,21.6,2026-01-02 18:05:00,0,normal
TX_5657,U_CRIM_33,U_NORM_425,1010.88,2026-01-02 18:14:00,1,criminal_outflow
TX_6722,U_NORM_869,U_COLL_36,8937.86,2026-01-02 18:22:00,1,collector_inflow
TX_5891,U_CRIM_45,U_NORM_43,895.51,2026-01-02 18:27:00,1,criminal_outflow
TX_4505,U_NORM_162,U_NORM_88,189.13,2026-01-02 18:44:00,0,normal
TX_5627,U_CRIM_31,U_NORM_225,1943.63,2026-01-02 18:56:00,1,criminal_outflow
TX_5278,U_CRIM_14,U_NORM_769,1908.04,2026-01-02 19:06:00,1,criminal_outflow
TX_644,U_NORM_293,U_NORM_273,679.83,2026-01-02 19:08:00,0,normal
TX_4845,U_NORM_573,U_NORM_694,334.49,2026-01-02 19:15:00,0,normal
TX_830,U_NORM_202,U_NORM_273,347.27,2026-01-02 19:20:00,0,normal
TX_1867,U_NORM_209,U_NORM_426,717.11,2026-01-02 19:21:00,0,normal
TX_3079,U_NORM_312,U_NORM_33,535.72,2026-01-02 19:29:00,0,normal
TX_5088,U_CRIM_4,U_NORM_888,1819.98,2026-01-02 19:39:00,1,criminal_outflow
TX_1573,U_NORM_791,U_NORM_543,776.91,2026-01-02 19:48:00,0,normal
TX_5930,U_CRIM_46,U_NORM_355,736.92,2026-01-02 19:50:00,1,criminal_outflow
TX_1220,U_NORM_62,U_NORM_443,317.54,2026-01-02 20:01:00,0,normal
TX_5842,U_CRIM_42,U_NORM_184,793.66,2026-01-02 20:05:00,1,criminal_outflow
TX_2110,U_NORM_756,U_NORM_890,558.15,2026-01-02 20:13:00,0,normal
TX_2802,U_NORM_630,U_NORM_865,253.16,2026-01-02 20:15:00,0,normal
TX_5709,U_CRIM_35,U_NORM_179,1209.63,2026-01-02 20:20:00,1,criminal_outflow
TX_5420,U_CRIM_21,U_NORM_139,1717.89,2026-01-02 20:33:00,1,criminal_outflow
TX_5871,U_CRIM_43,U_NORM_50,1083.45,2026-01-02 20:38:00,1,criminal_outflow
TX_810,U_NORM_19,U_NORM_262,640.98,2026-01-02 20:43:00,0,normal
TX_3523,U_NORM_270,U_NORM_167,240.2,2026-01-02 20:44:00,0,normal
TX_4098,U_NORM_496,U_NORM_701,539.67,2026-01-02 21:03:00,0,normal
TX_2946,U_NORM_337,U_NORM_54,596.42,2026-01-02 21:16:00,0,normal
TX_6939,U_NORM_360,U_COLL_45,9619.95,2026-01-02 21:20:00,1,collector_inflow
TX_5479,U_CRIM_24,U_NORM_332,1210.11,2026-01-02 21:25:00,1,criminal_outflow
TX_596,U_NORM_178,U_NORM_158,154.06,2026-01-02 21:34:00,0,normal
TX_2079,U_NORM_210,U_NORM_156,602.79,2026-01-02 21:38:00,0,normal
TX_31,U_NORM_235,U_NORM_206,118.65,2026-01-02 21:45:00,0,normal
TX_843,U_NORM_779,U_NORM_646,563.92,2026-01-02 21:58:00,0,normal
TX_5115,U_CRIM_5,U_NORM_865,1703.79,2026-01-02 22:11:00,1,criminal_outflow
TX_3645,U_NORM_876,U_NORM_450,352.47,2026-01-02 22:22:00,0,normal
TX_3144,U_NORM_491,U_NORM_581,438.24,2026-01-02 22:24:00,0,normal
TX_4942,U_NORM_265,U_NORM_438,52.65,2026-01-02 22:27:00,0,normal
TX_4345,U_NORM_364,U_NORM_296,69.32,2026-01-02 22:30:00,0,normal
TX_979,U_NORM_111,U_NORM_388,798.46,2026-01-02 22:34:00,0,normal
TX_364,U_NORM_760,U_NORM_820,478.04,2026-01-02 22:41:00,0,normal
TX_2770,U_NORM_786,U_NORM_506,7.57,2026-01-02 22:41:00,0,normal
TX_2062,U_NORM_504,U_NORM_789,668.1,2026-01-02 22:44:00,0,normal
TX_1459,U_NORM_376,U_NORM_249,102.27,2026-01-02 22:45:00,0,normal
TX_675,U_NORM_105,U_NORM_406,46.64,2026-01-02 22:57:00,0,normal
TX_1777,U_NORM_790,U_NORM_551,255.5,2026-01-02 23:01:00,0,normal
TX_4221,U_NORM_768,U_NORM_605,307.93,2026-01-02 23:01:00,0,normal
TX_670,U_NORM_226,U_NORM_128,508.61,2026-01-02 23:02:00,0,normal
TX_744,U_NORM_254,U_NORM_261,756.8,2026-01-02 23:11:00,0,normal
TX_2861,U_NORM_830,U_NORM_792,183.46,2026-01-02 23:15:00,0,normal
TX_238,U_NORM_264,U_NORM_244,354.84,2026-01-02 23:20:00,0,normal
TX_4720,U_NORM_34,U_NORM_416,114.41,2026-01-02 23:27:00,0,normal
TX_6711,U_NORM_621,U_COLL_35,8483.17,2026-01-02 23:27:00,1,collector_inflow
TX_1955,U_NORM_363,U_NORM_197,153.56,2026-01-02 23:28:00,0,normal
TX_6497,U_NORM_276,U_COLL_24,6547.32,2026-01-02 23:31:00,1,collector_inflow
TX_6027,U_NORM_756,U_COLL_1,6433.57,2026-01-02 23:32:00,1,collector_inflow
TX_168,U_NORM_613,U_NORM_873,608.98,2026-01-02 23:32:00,0,normal
TX_4111,U_NORM_628,U_NORM_854,486.52,2026-01-02 23:33:00,0,normal
TX_4761,U_NORM_416,U_NORM_23,243.36,2026-01-02 23:46:00,0,normal
TX_2257,U_NORM_776,U_NORM_558,189.83,2026-01-02 23:54:00,0,normal
TX_5812,U_CRIM_40,U_NORM_303,562.75,2026-01-02 23:54:00,1,criminal_outflow
TX_6275,U_NORM_222,U_COLL_12,9170.25,2026-01-02 23:59:00,1,collector_inflow
TX_820,U_NORM_305,U_NORM_138,499.31,2026-01-03 00:18:00,0,normal
TX_307,U_NORM_35,U_NORM_284,184.89,2026-01-03 00:27:00,0,normal
TX_4463,U_NORM_358,U_NORM_429,387.67,2026-01-03 00:28:00,0,normal
TX_2801,U_NORM_143,U_NORM_192,228.07,2026-01-03 00:29:00,0,normal
TX_6808,U_NORM_153,U_COLL_40,9720.14,2026-01-03 00:30:00,1,collector_inflow
TX_3042,U_NORM_728,U_NORM_522,355.36,2026-01-03 00:39:00,0,normal
TX_1235,U_NORM_449,U_NORM_309,711.17,2026-01-03 00:41:00,0,normal
TX_4443,U_NORM_614,U_NORM_861,355.52,2026-01-03 01:12:00,0,normal
TX_4569,U_NORM_890,U_NORM_881,175.75,2026-01-03 01:13:00,0,normal
TX_2643,U_NORM_312,U_NORM_432,197.66,2026-01-03 01:15:00,0,normal
TX_1358,U_NORM_550,U_NORM_536,634.67,2026-01-03 01:21:00,0,normal
TX_1100,U_NORM_109,U_NORM_448,626.29,2026-01-03 01:27:00,0,normal
TX_544,U_NORM_799,U_NORM_648,565.49,2026-01-03 01:37:00,0,normal
TX_39,U_NORM_316,U_NORM_134,705.43,2026-01-03 01:38:00,0,normal
TX_6176,U_NORM_425,U_COLL_7,9573.11,2026-01-03 01:42:00,1,collector_inflow
TX_1560,U_NORM_883,U_NORM_820,224.5,2026-01-03 01:45:00,0,normal
TX_144,U_NORM_144,U_NORM_413,655.15,2026-01-03 01:50:00,0,normal
TX_6426,U_NORM_565,U_COLL_20,9210.15,2026-01-03 02:03:00,1,collector_inflow
TX_6082,U_NORM_264,U_COLL_4,6915.36,2026-01-03 02:09:00,1,collector_inflow
TX_5434,U_CRIM_22,U_NORM_212,817.79,2026-01-03 02:15:00,1,criminal_outflow
TX_2966,U_NORM_254,U_NORM_277,273.19,2026-01-03 02:20:00,0,normal
TX_4768,U_NORM_573,U_NORM_476,229.64,2026-01-03 02:37:00,0,normal
TX_6937,U_NORM_50,U_COLL_45,6553.91,2026-01-03 02:46:00,1,collector_inflow
TX_6643,U_NORM_892,U_COLL_32,8251.75,2026-01-03 03:00:00,1,collector_inflow
TX_570,U_NORM_211,U_NORM_267,429.05,2026-01-03 03:06:00,0,normal
TX_4941,U_NORM_63,U_NORM_164,518.7,2026-01-03 03:14:00,0,normal
TX_5305,U_CRIM_15,U_NORM_282,1332.17,2026-01-03 03:27:00,1,criminal_outflow
TX_6444,U_NORM_110,U_COLL_21,6208.39,2026-01-03 03:35:00,1,collector_inflow
TX_608,U_NORM_8,U_NORM_123,174.0,2026-01-03 03:39:00,0,normal
TX_3536,U_NORM_15,U_NORM_71,40.11,2026-01-03 03:44:00,0,normal
TX_5533,U_CRIM_26,U_NORM_803,648.9,2026-01-03 03:55:00,1,criminal_outflow
TX_6512,U_NORM_313,U_COLL_24,9561.12,2026-01-03 03:58:00,1,collector_inflow
TX_554,U_NORM_161,U_NORM_111,86.94,2026-01-03 04:01:00,0,normal
TX_27,U_NORM_464,U_NORM_492,324.25,2026-01-03 04:08:00,0,normal
TX_6868,U_NORM_223,U_COLL_42,8433.34,2026-01-03 04:11:00,1,collector_inflow
TX_4377,U_NORM_94,U_NORM_278,45.17,2026-01-03 04:13:00,0,normal
TX_205,U_NORM_456,U_NORM_871,643.12,2026-01-03 04:30:00,0,normal
TX_2980,U_NORM_255,U_NORM_263,349.87,2026-01-03 04:43:00,0,normal
TX_753,U_NORM_162,U_NORM_348,278.73,2026-01-03 04:53:00,0,normal
TX_874,U_NORM_706,U_NORM_867,102.47,2026-01-03 04:55:00,0,normal
TX_1406,U_NORM_839,U_NORM_460,372.0,2026-01-03 05:00:00,0,normal
TX_3897,U_NORM_70,U_NORM_78,344.21,2026-01-03 05:15:00,0,normal
TX_4014,U_NORM_532,U_NORM_472,171.84,2026-01-03 05:20:00,0,normal
TX_1559,U_NORM_73,U_NORM_72,679.8,2026-01-03 05:26:00,0,normal
TX_3629,U_NORM_130,U_NORM_195,339.6,2026-01-03 05:49:00,0,normal
TX_2160,U_NORM_672,U_NORM_689,606.35,2026-01-03 05:54:00,0,normal
TX_4285,U_NORM_244,U_NORM_303,364.1,2026-01-03 05:59:00,0,normal
TX_2874,U_NORM_87,U_NORM_171,404.01,2026-01-03 06:01:00,0,normal
TX_3021,U_NORM_863,U_NORM_632,647.79,2026-01-03 06:03:00,0,normal
TX_1075,U_NORM_628,U_NORM_679,73.26,2026-01-03 06:06:00,0,normal
TX_6762,U_NORM_198,U_COLL_38,5771.5,2026-01-03 06:11:00,1,collector_inflow
TX_4580,U_NORM_51,U_NORM_130,122.59,2026-01-03 06:15:00,0,normal
TX_2999,U_NORM_438,U_NORM_103,23.29,2026-01-03 06:38:00,0,normal
TX_2917,U_NORM_385,U_NORM_307,637.94,2026-01-03 06:39:00,0,normal
TX_6966,U_NORM_89,U_COLL_46,9844.75,2026-01-03 06:42:00,1,collector_inflow
TX_2881,U_NORM_688,U_NORM_611,133.23,2026-01-03 07:02:00,0,normal
TX_6593,U_NORM_665,U_COLL_28,5717.33,2026-01-03 07:17:00,1,collector_inflow
TX_6519,U_NORM_558,U_COLL_25,5901.99,2026-01-03 07:17:00,1,collector_inflow
TX_1838,U_NORM_621,U_NORM_622,53.85,2026-01-03 07:27:00,0,normal
TX_4622,U_NORM_553,U_NORM_541,44.48,2026-01-03 07:30:00,0,normal
TX_4754,U_NORM_387,U_NORM_206,260.12,2026-01-03 07:45:00,0,normal
TX_4247,U_NORM_513,U_NORM_627,463.1,2026-01-03 07:58:00,0,normal
TX_5697,U_CRIM_35,U_NORM_883,1412.58,2026-01-03 08:08:00,1,criminal_outflow
TX_2158,U_NORM_804,U_NORM_747,88.23,2026-01-03 08:11:00,0,normal
TX_6104,U_NORM_199,U_COLL_4,5022.15,2026-01-03 08:14:00,1,collector_inflow
TX_3765,U_NORM_355,U_NORM_135,14.27,2026-01-03 08:21:00,0,normal
TX_518,U_NORM_536,U_NORM_551,285.56,2026-01-03 08:50:00,0,normal
TX_6344,U_NORM_706,U_COLL_16,5794.2,2026-01-03 08:55:00,1,collector_inflow
TX_5024,U_CRIM_1,U_NORM_695,1528.45,2026-01-03 08:58:00,1,criminal_outflow
TX_4503,U_NORM_732,U_NORM_620,176.38,2026-01-03 08:58:00,0,normal
TX_992,U_NORM_597,U_NORM_546,388.76,2026-01-03 09:00:00,0,normal
TX_1829,U_NORM_386,U_NORM_447,394.31,2026-01-03 09:10:00,0,normal
TX_61,U_NORM_530,U_NORM_575,668.68,2026-01-03 09:12:00,0,normal
TX_2016,U_NORM_397,U_NORM_24,513.94,2026-01-03 09:18:00,0,normal
TX_6729,U_NORM_843,U_COLL_37,5333.7,2026-01-03 09:20:00,1,collector_inflow
TX_6778,U_NORM_34,U_COLL_39,5193.87,2026-01-03 09:22:00,1,collector_inflow
TX_3017,U_NORM_612,U_NORM_768,385.23,2026-01-03 09:22:00,0,normal
TX_2217,U_NORM_745,U_NORM_772,602.88,2026-01-03 09:27:00,0,normal
TX_1771,U_NORM_890,U_NORM_787,111.47,2026-01-03 09:45:00,0,normal
TX_5685,U_CRIM_34,U_NORM_847,797.1,2026-01-03 09:54:00,1,criminal_outflow
TX_4381,U_NORM_460,U_NORM_510,794.58,2026-01-03 09:58:00,0,normal
TX_2899,U_NORM_602,U_NORM_762,111.9,2026-01-03 10:01:00,0,normal
TX_773,U_NORM_152,U_NORM_239,696.27,2026-01-03 10:02:00,0,normal
TX_6123,U_NORM_555,U_COLL_6,9574.91,2026-01-03 10:03:00,1,collector_inflow
TX_5272,U_CRIM_14,U_NORM_738,1338.97,2026-01-03 10:08:00,1,criminal_outflow
TX_10,U_NORM_808,U_NORM_625,50.73,2026-01-03 10:16:00,0,normal
TX_6399,U_NORM_385,U_COLL_19,6226.06,2026-01-03 10:17:00,1,collector_inflow
TX_7001,U_NORM_689,U_COLL_48,9656.49,2026-01-03 10:19:00,1,collector_inflow
TX_901,U_NORM_756,U_NORM_792,175.68,2026-01-03 10:30:00,0,normal
TX_5110,U_CRIM_5,U_NORM_190,1763.91,2026-01-03 10:40:00,1,criminal_outflow
TX_4511,U_NORM_817,U_NORM_539,718.0,2026-01-03 10:45:00,0,normal
TX_6974,U_NORM_571,U_COLL_47,7338.67,2026-01-03 10:47:00,1,collector_inflow
TX_1267,U_NORM_512,U_NORM_658,789.48,2026-01-03 10:47:00,0,normal
TX_5119,U_CRIM_5,U_NORM_339,1901.41,2026-01-03 10:47:00,1,criminal_outflow
TX_6167,U_NORM_16,U_COLL_7,7444.46,2026-01-03 10:51:00,1,collector_inflow
TX_4458,U_NORM_7,U_NORM_349,410.08,2026-01-03 10:53:00,0,normal
TX_3438,U_NORM_299,U_NORM_296,740.07,2026-01-03 11:14:00,0,normal
TX_2446,U_NORM_233,U_NORM_289,109.82,2026-01-03 11:31:00,0,normal
TX_5712,U_CRIM_35,U_NORM_543,1822.52,2026-01-03 11:33:00,1,criminal_outflow
TX_946,U_NORM_314,U_NORM_4,75.37,2026-01-03 11:35:00,0,normal
TX_3439,U_NORM_561,U_NORM_829,769.46,2026-01-03 11:37:00,0,normal
TX_824,U_NORM_560,U_NORM_883,494.86,2026-01-03 11:40:00,0,normal
TX_4065,U_NORM_678,U_NORM_846,521.26,2026-01-03 11:42:00,0,normal
TX_6390,U_NORM_490,U_COLL_19,9885.11,2026-01-03 11:43:00,1,collector_inflow
TX_6929,U_NORM_566,U_COLL_45,6873.0,2026-01-03 11:52:00,1,collector_inflow
TX_4525,U_NORM_314,U_NORM_186,165.64,2026-01-03 11:56:00,0,normal
TX_1795,U_NORM_53,U_NORM_11,728.7,2026-01-03 12:00:00,0,normal
TX_5213,U_CRIM_10,U_NORM_182,924.62,2026-01-03 12:09:00,1,criminal_outflow
TX_976,U_NORM_266,U_NORM_234,699.7,2026-01-03 12:11:00,0,normal
TX_3767,U_NORM_832,U_NORM_875,628.17,2026-01-03 12:13:00,0,normal
TX_2910,U_NORM_799,U_NORM_612,73.97,2026-01-03 12:14:00,0,normal
TX_2989,U_NORM_846,U_NORM_867,362.63,2026-01-03 12:29:00,0,normal
TX_668,U_NORM_89,U_NORM_76,14.97,2026-01-03 12:39:00,0,normal
TX_5866,U_CRIM_43,U_NORM_170,1928.84,2026-01-03 12:53:00,1,criminal_outflow
TX_4133,U_NORM_468,U_NORM_533,597.23,2026-01-03 12:55:00,0,normal
TX_237,U_NORM_445,U_NORM_120,192.02,2026-01-03 12:59:00,0,normal
TX_3929,U_NORM_487,U_NORM_610,323.62,2026-01-03 13:03:00,0,normal
TX_6699,U_NORM_73,U_COLL_34,9354.14,2026-01-03 13:04:00,1,collector_inflow
TX_1908,U_NORM_638,U_NORM_861,333.91,2026-01-03 13:07:00,0,normal
TX_4188,U_NORM_668,U_NORM_851,161.52,2026-01-03 13:10:00,0,normal
TX_1786,U_NORM_455,U_NORM_500,161.94,2026-01-03 13:13:00,0,normal
TX_1136,U_NORM_740,U_NORM_684,531.2,2026-01-03 13:22:00,0,normal
TX_4380,U_NORM_525,U_NORM_531,654.1,2026-01-03 13:23:00,0,normal
TX_3371,U_NORM_730,U_NORM_474,738.9,2026-01-03 13:26:00,0,normal
TX_1785,U_NORM_175,U_NORM_197,342.68,2026-01-03 13:45:00,0,normal
TX_2521,U_NORM_574,U_NORM_860,312.63,2026-01-03 13:50:00,0,normal
TX_6986,U_NORM_108,U_COLL_47,9227.3,2026-01-03 13:57:00,1,collector_inflow
TX_4040,U_NORM_392,U_NORM_78,636.94,2026-01-03 14:01:00,0,normal
TX_2368,U_NORM_217,U_NORM_88,190.67,2026-01-03 14:03:00,0,normal
TX_5064,U_CRIM_3,U_NORM_249,556.43,2026-01-03 14:06:00,1,criminal_outflow
TX_3808,U_NORM_777,U_NORM_877,610.15,2026-01-03 14:20:00,0,normal
TX_1947,U_NORM_792,U_NORM_899,654.06,2026-01-03 14:26:00,0,normal
TX_2509,U_NORM_487,U_NORM_735,370.79,2026-01-03 14:45:00,0,normal
TX_1291,U_NORM_767,U_NORM_815,433.79,2026-01-03 14:45:00,0,normal
TX_4425,U_NORM_787,U_NORM_822,235.43,2026-01-03 14:46:00,0,normal
TX_6858,U_NORM_74,U_COLL_42,9481.93,2026-01-03 15:03:00,1,collector_inflow
TX_6217,U_NORM_94,U_COLL_9,8023.86,2026-01-03 15:09:00,1,collector_inflow
TX_6656,U_NORM_63,U_COLL_32,5861.13,2026-01-03 15:10:00,1,collector_inflow
TX_2819,U_NORM_420,U_NORM_83,602.6,2026-01-03 15:16:00,0,normal
TX_427,U_NORM_4,U_NORM_363,666.27,2026-01-03 15:20:00,0,normal
TX_1475,U_NORM_276,U_NORM_129,708.12,2026-01-03 15:20:00,0,normal
TX_4123,U_NORM_879,U_NORM_764,319.3,2026-01-03 15:21:00,0,normal
TX_4615,U_NORM_194,U_NORM_301,245.17,2026-01-03 15:35:00,0,normal
TX_6487,U_NORM_34,U_COLL_23,8434.38,2026-01-03 15:40:00,1,collector_inflow
TX_3332,U_NORM_883,U_NORM_562,358.53,2026-01-03 15:45:00,0,normal
TX_4044,U_NORM_465,U_NORM_755,492.11,2026-01-03 15:47:00,0,normal
TX_619,U_NORM_683,U_NORM_810,697.15,2026-01-03 15:48:00,0,normal
TX_3277,U_NORM_341,U_NORM_154,58.33,2026-01-03 15:53:00,0,normal
TX_1255,U_NORM_294,U_NORM_265,793.64,2026-01-03 15:57:00,0,normal
TX_314,U_NORM_224,U_NORM_86,30.94,2026-01-03 16:04:00,0,normal
TX_3468,U_NORM_47,U_NORM_163,703.78,2026-01-03 16:17:00,0,normal
TX_1967,U_NORM_714,U_NORM_732,69.86,2026-01-03 16:24:00,0,normal
TX_6312,U_NORM_212,U_COLL_15,6117.61,2026-01-03 16:26:00,1,collector_inflow
TX_1819,U_NORM_148,U_NORM_374,280.93,2026-01-03 16:30:00,0,normal
TX_3551,U_NORM_116,U_NORM_338,651.27,2026-01-03 16:32:00,0,normal
TX_4048,U_NORM_673,U_NORM_685,515.76,2026-01-03 16:36:00,0,normal
TX_6917,U_NORM_689,U_COLL_44,5225.75,2026-01-03 16:40:00,1,collector_inflow
TX_6770,U_NORM_172,U_COLL_38,5714.8,2026-01-03 16:57:00,1,collector_inflow
TX_594,U_NORM_701,U_NORM_719,551.61,2026-01-03 16:58:00,0,normal
TX_4207,U_NORM_281,U_NORM_228,510.58,2026-01-03 17:06:00,0,normal
TX_1602,U_NORM_169,U_NORM_186,642.79,2026-01-03 17:13:00,0,normal
TX_6068,U_NORM_182,U_COLL_3,7131.29,2026-01-03 17:24:00,1,collector_inflow
TX_4698,U_NORM_883,U_NORM_731,50.29,2026-01-03 17:27:00,0,normal
TX_6434,U_NORM_63,U_COLL_20,6261.56,2026-01-03 17:33:00,1,collector_inflow
TX_509,U_NORM_449,U_NORM_142,693.27,2026-01-03 17:36:00,0,normal
TX_2168,U_NORM_476,U_NORM_890,258.29,2026-01-03 17:52:00,0,normal
TX_2878,U_NORM_493,U_NORM_848,121.95,2026-01-03 17:56:00,0,normal
TX_6828,U_NORM_722,U_COLL_41,9423.68,2026-01-03 17:59:00,1,collector_inflow
TX_3535,U_NORM_725,U_NORM_763,423.54,2026-01-03 18:12:00,0,normal
TX_2346,U_NORM_457,U_NORM_649,375.79,2026-01-03 18:17:00,0,normal
TX_4251,U_NORM_195,U_NORM_229,580.76,2026-01-03 18:22:00,0,normal
TX_1501,U_NORM_533,U_NORM_737,534.14,2026-01-03 18:40:00,0,normal
TX_5714,U_CRIM_35,U_NORM_730,605.46,2026-01-03 18:46:00,1,criminal_outflow
TX_3553,U_NORM_606,U_NORM_561,479.05,2026-01-03 18:51:00,0,normal
TX_1734,U_NORM_539,U_NORM_624,208.26,2026-01-03 18:52:00,0,normal
TX_4501,U_NORM_280,U_NORM_119,781.53,2026-01-03 18:59:00,0,normal
TX_733,U_NORM_637,U_NORM_758,55.05,2026-01-03 18:59:00,0,normal
TX_2732,U_NORM_199,U_NORM_447,654.16,2026-01-03 19:07:00,0,normal
TX_191,U_NORM_461,U_NORM_686,514.83,2026-01-03 19:13:00,0,normal
TX_646,U_NORM_473,U_NORM_673,320.3,2026-01-03 19:24:00,0,normal
TX_540,U_NORM_605,U_NORM_836,452.97,2026-01-03 19:27:00,0,normal
TX_5012,U_CRIM_0,U_NORM_208,686.37,2026-01-03 19:28:00,1,criminal_outflow
TX_3713,U_NORM_741,U_NORM_849,521.65,2026-01-03 19:34:00,0,normal
TX_92,U_NORM_860,U_NORM_767,263.0,2026-01-03 19:34:00,0,normal
TX_4903,U_NORM_112,U_NORM_412,115.55,2026-01-03 19:41:00,0,normal
TX_1205,U_NORM_646,U_NORM_606,759.46,2026-01-03 19:56:00,0,normal
TX_3398,U_NORM_786,U_NORM_654,374.74,2026-01-03 19:57:00,0,normal
TX_6451,U_NORM_86,U_COLL_21,6993.29,2026-01-03 19:58:00,1,collector_inflow
TX_156,U_NORM_564,U_NORM_611,771.53,2026-01-03 20:05:00,0,normal
TX_4293,U_NORM_495,U_NORM_753,314.45,2026-01-03 20:12:00,0,normal
TX_5002,U_CRIM_0,U_NORM_477,1175.12,2026-01-03 20:17:00,1,criminal_outflow
TX_673,U_NORM_825,U_NORM_772,541.0,2026-01-03 20:19:00,0,normal
TX_5739,U_CRIM_36,U_NORM_705,644.96,2026-01-03 20:23:00,1,criminal_outflow
TX_5247,U_CRIM_13,U_NORM_277,745.45,2026-01-03 20:24:00,1,criminal_outflow
TX_6638,U_NORM_25,U_COLL_31,5019.2,2026-01-03 20:33:00,1,collector_inflow
TX_5102,U_CRIM_5,U_NORM_480,1499.18,2026-01-03 20:47:00,1,criminal_outflow
TX_6370,U_NORM_21,U_COLL_18,5288.61,2026-01-03 20:53:00,1,collector_inflow
TX_2045,U_NORM_685,U_NORM_798,234.04,2026-01-03 20:59:00,0,normal
TX_2586,U_NORM_820,U_NORM_506,617.31,2026-01-03 21:02:00,0,normal
TX_4368,U_NORM_702,U_NORM_564,119.69,2026-01-03 21:05:00,0,normal
TX_6033,U_NORM_733,U_COLL_2,6993.11,2026-01-03 21:08:00,1,collector_inflow
TX_100,U_NORM_269,U_NORM_55,442.54,2026-01-03 21:18:00,0,normal
TX_4183,U_NORM_68,U_NORM_446,506.42,2026-01-03 21:21:00,0,normal
TX_6362,U_NORM_57,U_COLL_18,9230.76,2026-01-03 21:32:00,1,collector_inflow
TX_3908,U_NORM_620,U_NORM_872,37.5,2026-01-03 21:35:00,0,normal
TX_3250,U_NORM_147,U_NORM_198,574.65,2026-01-03 21:35:00,0,normal
TX_6162,U_NORM_496,U_COLL_7,9277.66,2026-01-03 21:42:00,1,collector_inflow
TX_4439,U_NORM_651,U_NORM_590,500.98,2026-01-03 21:56:00,0,normal
TX_5644,U_CRIM_32,U_NORM_17,1074.82,2026-01-03 22:03:00,1,criminal_outflow
TX_1206,U_NORM_833,U_NORM_674,170.35,2026-01-03 22:21:00,0,normal
TX_1023,U_NORM_335,U_NORM_448,239.57,2026-01-03 22:33:00,0,normal
TX_2500,U_NORM_876,U_NORM_671,181.89,2026-01-03 22:34:00,0,normal
TX_631,U_NORM_262,U_NORM_303,648.2,2026-01-03 22:40:00,0,normal
TX_5282,U_CRIM_14,U_NORM_839,1543.88,2026-01-03 22:45:00,1,criminal_outflow
TX_5189,U_CRIM_9,U_NORM_8,1595.28,2026-01-03 22:54:00,1,criminal_outflow
TX_5226,U_CRIM_11,U_NORM_262,1835.47,2026-01-03 22:54:00,1,criminal_outflow
TX_5962,U_CRIM_48,U_NORM_192,1651.36,2026-01-03 22:59:00,1,criminal_outflow
TX_5268,U_CRIM_13,U_NORM_781,979.12,2026-01-03 23:02:00,1,criminal_outflow
TX_4751,U_NORM_447,U_NORM_124,172.93,2026-01-03 23:10:00,0,normal
TX_3433,U_NORM_867,U_NORM_877,116.52,2026-01-03 23:15:00,0,normal
TX_2375,U_NORM_331,U_NORM_355,370.17,2026-01-03 23:29:00,0,normal
TX_870,U_NORM_263,U_NORM_248,46.47,2026-01-03 23:37:00,0,normal
TX_5229,U_CRIM_11,U_NORM_690,732.03,2026-01-03 23:43:00,1,criminal_outflow
TX_5264,U_CRIM_13,U_NORM_198,541.92,2026-01-03 23:48:00,1,criminal_outflow
TX_6200,U_NORM_704,U_COLL_9,9473.2,2026-01-03 23:49:00,1,collector_inflow
TX_5279,U_CRIM_14,U_NORM_885,1879.56,2026-01-04 00:01:00,1,criminal_outflow
TX_1298,U_NORM_164,U_NORM_88,11.38,2026-01-04 00:21:00,0,normal
TX_1520,U_NORM_814,U_NORM_591,604.49,2026-01-04 00:26:00,0,normal
TX_2370,U_NORM_793,U_NORM_686,556.22,2026-01-04 00:43:00,0,normal
TX_5915,U_CRIM_45,U_NORM_116,1162.71,2026-01-04 00:51:00,1,criminal_outflow
TX_215,U_NORM_451,U_NORM_837,574.13,2026-01-04 00:54:00,0,normal
TX_414,U_NORM_246,U_NORM_243,78.36,2026-01-04 00:56:00,0,normal
TX_2937,U_NORM_143,U_NORM_426,610.48,2026-01-04 00:57:00,0,normal
TX_6936,U_NORM_668,U_COLL_45,7620.78,2026-01-04 01:09:00,1,collector_inflow
TX_14,U_NORM_376,U_NORM_196,711.9,2026-01-04 01:11:00,0,normal
TX_1175,U_NORM_30,U_NORM_60,74.01,2026-01-04 01:22:00,0,normal
TX_3574,U_NORM_757,U_NORM_495,188.84,2026-01-04 01:25:00,0,normal
TX_6037,U_NORM_457,U_COLL_2,6874.38,2026-01-04 01:28:00,1,collector_inflow
TX_1224,U_NORM_258,U_NORM_256,504.45,2026-01-04 01:28:00,0,normal
TX_5273,U_CRIM_14,U_NORM_532,1415.37,2026-01-04 01:32:00,1,criminal_outflow
TX_3932,U_NORM_551,U_NORM_673,524.64,2026-01-04 01:34:00,0,normal
TX_3560,U_NORM_410,U_NORM_21,703.87,2026-01-04 01:54:00,0,normal
TX_5317,U_CRIM_16,U_NORM_280,1655.91,2026-01-04 01:54:00,1,criminal_outflow
TX_3787,U_NORM_824,U_NORM_681,401.89,2026-01-04 02:02:00,0,normal
TX_5801,U_CRIM_40,U_NORM_392,1141.54,2026-01-04 02:09:00,1,criminal_outflow
TX_3906,U_NORM_201,U_NORM_275,308.09,2026-01-04 02:10:00,0,normal
TX_857,U_NORM_419,U_NORM_102,483.42,2026-01-04 02:13:00,0,normal
TX_6301,U_NORM_376,U_COLL_14,5055.2,2026-01-04 02:29:00,1,collector_inflow
TX_6062,U_NORM_172,U_COLL_3,5840.65,2026-01-04 02:37:00,1,collector_inflow
TX_861,U_NORM_806,U_NORM_781,778.3,2026-01-04 02:39:00,0,normal
TX_6164,U_NORM_812,U_COLL_7,5548.75,2026-01-04 02:39:00,1,collector_inflow
TX_3576,U_NORM_714,U_NORM_774,485.07,2026-01-04 02:46:00,0,normal
TX_6951,U_NORM_418,U_COLL_46,9872.3,2026-01-04 02:49:00,1,collector_inflow
TX_6219,U_NORM_297,U_COLL_10,5199.77,2026-01-04 03:09:00,1,collector_inflow
TX_5639,U_CRIM_32,U_NORM_686,1811.34,2026-01-04 03:12:00,1,criminal_outflow
TX_6692,U_NORM_242,U_COLL_34,8749.9,2026-01-04 03:14:00,1,collector_inflow
TX_1207,U_NORM_265,U_NORM_185,51.42,2026-01-04 03:14:00,0,normal
TX_997,U_NORM_148,U_NORM_440,557.28,2026-01-04 03:48:00,0,normal
TX_4058,U_NORM_348,U_NORM_377,458.29,2026-01-04 03:53:00,0,normal
TX_4024,U_NORM_239,U_NORM_365,280.1,2026-01-04 04:04:00,0,normal
TX_4489,U_NORM_784,U_NORM_710,509.42,2026-01-04 04:11:00,0,normal
TX_6197,U_NORM_515,U_COLL_9,6816.51,2026-01-04 04:12:00,1,collector_inflow
TX_5682,U_CRIM_34,U_NORM_141,915.85,2026-01-04 04:14:00,1,criminal_outflow
TX_5151,U_CRIM_7,U_NORM_197,1587.38,2026-01-04 04:23:00,1,criminal_outflow
TX_2670,U_NORM_200,U_NORM_47,118.23,2026-01-04 04:31:00,0,normal
TX_4599,U_NORM_675,U_NORM_810,685.38,2026-01-04 04:37:00,0,normal
TX_5174,U_CRIM_8,U_NORM_536,1641.62,2026-01-04 04:45:00,1,criminal_outflow
TX_6514,U_NORM_653,U_COLL_24,7010.96,2026-01-04 04:58:00,1,collector_inflow
TX_846,U_NORM_421,U_NORM_432,147.02,2026-01-04 05:05:00,0,normal
TX_534,U_NORM_14,U_NORM_406,593.29,2026-01-04 05:17:00,0,normal
TX_3826,U_NORM_193,U_NORM_0,294.56,2026-01-04 05:24:00,0,normal
TX_1813,U_NORM_456,U_NORM_886,735.08,2026-01-04 05:36:00,0,normal
TX_4639,U_NORM_592,U_NORM_523,668.93,2026-01-04 05:56:00,0,normal
TX_2050,U_NORM_380,U_NORM_378,785.21,2026-01-04 06:01:00,0,normal
TX_3510,U_NORM_384,U_NORM_53,576.64,2026-01-04 06:12:00,0,normal
TX_3120,U_NORM_727,U_NORM_636,439.76,2026-01-04 06:15:00,0,normal
TX_3489,U_NORM_629,U_NORM_729,475.87,2026-01-04 06:19:00,0,normal
TX_4362,U_NORM_642,U_NORM_697,30.83,2026-01-04 06:26:00,0,normal
TX_3231,U_NORM_384,U_NORM_233,567.87,2026-01-04 06:31:00,0,normal
TX_4021,U_NORM_543,U_NORM_464,246.21,2026-01-04 06:35:00,0,normal
TX_6919,U_NORM_29,U_COLL_44,8711.7,2026-01-04 06:37:00,1,collector_inflow
TX_22,U_NORM_522,U_NORM_559,81.27,2026-01-04 06:45:00,0,normal
TX_6079,U_NORM_301,U_COLL_3,9052.42,2026-01-04 06:55:00,1,collector_inflow
TX_1287,U_NORM_164,U_NORM_435,118.58,2026-01-04 07:02:00,0,normal
TX_6313,U_NORM_575,U_COLL_15,5344.68,2026-01-04 07:02:00,1,collector_inflow
TX_1125,U_NORM_605,U_NORM_839,273.13,2026-01-04 07:07:00,0,normal
TX_3242,U_NORM_877,U_NORM_615,218.0,2026-01-04 07:11:00,0,normal
TX_4967,U_NORM_728,U_NORM_866,529.6,2026-01-04 07:23:00,0,normal
TX_893,U_NORM_824,U_NORM_752,435.2,2026-01-04 07:34:00,0,normal
TX_5183,U_CRIM_9,U_NORM_375,1329.14,2026-01-04 07:37:00,1,criminal_outflow
TX_629,U_NORM_306,U_NORM_157,160.83,2026-01-04 07:41:00,0,normal
TX_4141,U_NORM_138,U_NORM_341,756.5,2026-01-04 07:45:00,0,normal
TX_1117,U_NORM_91,U_NORM_380,409.29,2026-01-04 07:45:00,0,normal
TX_2490,U_NORM_410,U_NORM_442,791.76,2026-01-04 07:51:00,0,normal
TX_3979,U_NORM_66,U_NORM_30,613.79,2026-01-04 07:53:00,0,normal
TX_1315,U_NORM_573,U_NORM_587,318.27,2026-01-04 07:56:00,0,normal
TX_1295,U_NORM_373,U_NORM_212,5.68,2026-01-04 08:10:00,0,normal
TX_949,U_NORM_553,U_NORM_849,310.76,2026-01-04 08:18:00,0,normal
TX_3972,U_NORM_483,U_NORM_870,542.25,2026-01-04 08:19:00,0,normal
TX_860,U_NORM_296,U_NORM_260,256.32,2026-01-04 08:19:00,0,normal
TX_1453,U_NORM_518,U_NORM_811,745.2,2026-01-04 08:50:00,0,normal
TX_7005,U_NORM_210,U_COLL_48,5898.82,2026-01-04 08:50:00,1,collector_inflow
TX_512,U_NORM_714,U_NORM_607,254.26,2026-01-04 08:51:00,0,normal
TX_6368,U_NORM_163,U_COLL_18,6370.17,2026-01-04 09:11:00,1,collector_inflow
TX_263,U_NORM_679,U_NORM_674,391.51,2026-01-04 09:13:00,0,normal
TX_4286,U_NORM_288,U_NORM_277,349.23,2026-01-04 09:14:00,0,normal
TX_2648,U_NORM_83,U_NORM_262,763.45,2026-01-04 09:25:00,0,normal
TX_210,U_NORM_165,U_NORM_112,387.08,2026-01-04 09:32:00,0,normal
TX_6132,U_NORM_282,U_COLL_6,6858.96,2026-01-04 09:33:00,1,collector_inflow
TX_4596,U_NORM_621,U_NORM_828,778.62,2026-01-04 09:35:00,0,normal
TX_6187,U_NORM_319,U_COLL_8,5320.27,2026-01-04 09:36:00,1,collector_inflow
TX_3016,U_NORM_298,U_NORM_224,433.92,2026-01-04 09:40:00,0,normal
TX_1462,U_NORM_854,U_NORM_685,752.03,2026-01-04 09:44:00,0,normal
TX_1314,U_NORM_112,U_NORM_246,145.09,2026-01-04 09:49:00,0,normal
TX_160,U_NORM_203,U_NORM_296,258.78,2026-01-04 09:49:00,0,normal
TX_5850,U_CRIM_42,U_NORM_692,1018.02,2026-01-04 10:21:00,1,criminal_outflow
TX_6285,U_NORM_27,U_COLL_12,6396.76,2026-01-04 10:40:00,1,collector_inflow
TX_1999,U_NORM_870,U_NORM_620,396.39,2026-01-04 10:43:00,0,normal
TX_3474,U_NORM_734,U_NORM_865,732.52,2026-01-04 10:48:00,0,normal
TX_4976,U_NORM_558,U_NORM_599,613.65,2026-01-04 10:49:00,0,normal
TX_2658,U_NORM_381,U_NORM_298,145.51,2026-01-04 10:52:00,0,normal
TX_5013,U_CRIM_0,U_NORM_850,895.57,2026-01-04 11:01:00,1,criminal_outflow
TX_5075,U_CRIM_4,U_NORM_405,585.47,2026-01-04 11:25:00,1,criminal_outflow
TX_317,U_NORM_424,U_NORM_208,151.72,2026-01-04 11:28:00,0,normal
TX_4079,U_NORM_15,U_NORM_368,622.08,2026-01-04 11:36:00,0,normal
TX_3611,U_NORM_452,U_NORM_798,378.33,2026-01-04 11:36:00,0,normal
TX_1049,U_NORM_492,U_NORM_871,757.2,2026-01-04 11:42:00,0,normal
TX_4818,U_NORM_414,U_NORM_408,762.21,2026-01-04 11:43:00,0,normal
TX_4624,U_NORM_151,U_NORM_449,365.55,2026-01-04 11:44:00,0,normal
TX_2549,U_NORM_613,U_NORM_856,768.36,2026-01-04 11:48:00,0,normal
TX_6926,U_NORM_425,U_COLL_45,5556.21,2026-01-04 12:12:00,1,collector_inflow
TX_3666,U_NORM_849,U_NORM_487,519.28,2026-01-04 12:18:00,0,normal
TX_865,U_NORM_368,U_NORM_256,622.33,2026-01-04 12:20:00,0,normal
TX_6615,U_NORM_718,U_COLL_30,5350.83,2026-01-04 12:26:00,1,collector_inflow
TX_337,U_NORM_462,U_NORM_570,176.38,2026-01-04 12:28:00,0,normal
TX_2386,U_NORM_376,U_NORM_248,108.56,2026-01-04 12:31:00,0,normal
TX_4164,U_NORM_565,U_NORM_725,755.33,2026-01-04 12:32:00,0,normal
TX_4635,U_NORM_486,U_NORM_782,6.47,2026-01-04 12:52:00,0,normal
TX_6892,U_NORM_472,U_COLL_43,8810.01,2026-01-04 13:00:00,1,collector_inflow
TX_2401,U_NORM_818,U_NORM_659,705.78,2026-01-04 13:10:00,0,normal
TX_1858,U_NORM_797,U_NORM_510,213.92,2026-01-04 13:19:00,0,normal
TX_1454,U_NORM_459,U_NORM_729,416.91,2026-01-04 13:26:00,0,normal
TX_5462,U_CRIM_23,U_NORM_814,971.77,2026-01-04 13:28:00,1,criminal_outflow
TX_178,U_NORM_700,U_NORM_853,774.2,2026-01-04 13:49:00,0,normal
TX_4824,U_NORM_851,U_NORM_898,324.72,2026-01-04 13:50:00,0,normal
TX_334,U_NORM_216,U_NORM_138,176.89,2026-01-04 14:05:00,0,normal
TX_5913,U_CRIM_45,U_NORM_671,1748.51,2026-01-04 14:09:00,1,criminal_outflow
TX_1240,U_NORM_113,U_NORM_13,528.0,2026-01-04 14:13:00,0,normal
TX_966,U_NORM_846,U_NORM_841,374.5,2026-01-04 14:15:00,0,normal
TX_4968,U_NORM_441,U_NORM_90,686.48,2026-01-04 14:16:00,0,normal
TX_1426,U_NORM_160,U_NORM_51,772.48,2026-01-04 14:20:00,0,normal
TX_5620,U_CRIM_31,U_NORM_3,564.62,2026-01-04 14:26:00,1,criminal_outflow
TX_6107,U_NORM_809,U_COLL_5,9692.99,2026-01-04 14:34:00,1,collector_inflow
TX_2951,U_NORM_442,U_NORM_146,40.74,2026-01-04 14:39:00,0,normal
TX_4378,U_NORM_730,U_NORM_750,87.43,2026-01-04 14:41:00,0,normal
TX_5615,U_CRIM_31,U_NORM_591,1802.37,2026-01-04 14:46:00,1,criminal_outflow
TX_3884,U_NORM_132,U_NORM_363,560.86,2026-01-04 14:46:00,0,normal
TX_4336,U_NORM_310,U_NORM_321,418.28,2026-01-04 14:54:00,0,normal
TX_4482,U_NORM_424,U_NORM_346,441.56,2026-01-04 15:08:00,0,normal
TX_705,U_NORM_316,U_NORM_137,171.19,2026-01-04 15:14:00,0,normal
TX_2404,U_NORM_773,U_NORM_824,261.75,2026-01-04 15:18:00,0,normal
TX_6440,U_NORM_585,U_COLL_21,9645.62,2026-01-04 15:29:00,1,collector_inflow
TX_4160,U_NORM_50,U_NORM_347,324.99,2026-01-04 15:38:00,0,normal
TX_5263,U_CRIM_13,U_NORM_629,868.08,2026-01-04 15:40:00,1,criminal_outflow
TX_5299,U_CRIM_15,U_NORM_139,546.72,2026-01-04 15:41:00,1,criminal_outflow
TX_590,U_NORM_857,U_NORM_789,34.76,2026-01-04 15:53:00,0,normal
TX_3558,U_NORM_471,U_NORM_725,183.36,2026-01-04 15:57:00,0,normal
TX_4352,U_NORM_838,U_NORM_676,590.06,2026-01-04 16:17:00,0,normal
TX_4897,U_NORM_626,U_NORM_766,299.24,2026-01-04 16:50:00,0,normal
TX_4379,U_NORM_252,U_NORM_257,157.51,2026-01-04 16:50:00,0,normal
TX_5372,U_CRIM_19,U_NORM_711,1573.43,2026-01-04 16:53:00,1,criminal_outflow
TX_5469,U_CRIM_23,U_NORM_892,972.83,2026-01-04 17:02:00,1,criminal_outflow
TX_6533,U_NORM_336,U_COLL_25,7522.74,2026-01-04 17:13:00,1,collector_inflow
TX_1695,U_NORM_301,U_NORM_120,223.61,2026-01-04 17:21:00,0,normal
TX_1048,U_NORM_353,U_NORM_37,492.05,2026-01-04 17:24:00,0,normal
TX_2211,U_NORM_112,U_NORM_182,345.55,2026-01-04 17:26:00,0,normal
TX_1740,U_NORM_215,U_NORM_26,324.59,2026-01-04 17:27:00,0,normal
TX_1024,U_NORM_799,U_NORM_542,553.53,2026-01-04 17:43:00,0,normal
TX_1808,U_NORM_197,U_NORM_381,589.12,2026-01-04 18:01:00,0,normal
TX_2978,U_NORM_186,U_NORM_260,661.7,2026-01-04 18:13:00,0,normal
TX_6820,U_NORM_445,U_COLL_40,6219.51,2026-01-04 18:13:00,1,collector_inflow
TX_2417,U_NORM_428,U_NORM_177,132.73,2026-01-04 18:19:00,0,normal
TX_987,U_NORM_127,U_NORM_42,607.92,2026-01-04 18:27:00,0,normal
TX_4045,U_NORM_603,U_NORM_785,11.79,2026-01-04 18:33:00,0,normal
TX_2923,U_NORM_301,U_NORM_270,196.38,2026-01-04 18:42:00,0,normal
TX_1634,U_NORM_431,U_NORM_204,34.76,2026-01-04 18:44:00,0,normal
TX_6747,U_NORM_894,U_COLL_37,6942.45,2026-01-04 18:55:00,1,collector_inflow
TX_2738,U_NORM_522,U_NORM_664,196.74,2026-01-04 19:00:00,0,normal
TX_1901,U_NORM_613,U_NORM_621,209.17,2026-01-04 19:06:00,0,normal
TX_4832,U_NORM_883,U_NORM_803,462.16,2026-01-04 19:39:00,0,normal
TX_750,U_NORM_708,U_NORM_795,87.58,2026-01-04 20:02:00,0,normal
TX_5261,U_CRIM_13,U_NORM_615,727.24,2026-01-04 20:02:00,1,criminal_outflow
TX_948,U_NORM_241,U_NORM_0,758.93,2026-01-04 20:07:00,0,normal
TX_4201,U_NORM_269,U_NORM_402,425.64,2026-01-04 20:10:00,0,normal
TX_2513,U_NORM_206,U_NORM_10,647.21,2026-01-04 20:15:00,0,normal
TX_3311,U_NORM_130,U_NORM_181,511.32,2026-01-04 20:18:00,0,normal
TX_4390,U_NORM_87,U_NORM_58,329.85,2026-01-04 20:41:00,0,normal
TX_1166,U_NORM_874,U_NORM_535,507.57,2026-01-04 20:42:00,0,normal
TX_853,U_NORM_575,U_NORM_590,700.81,2026-01-04 20:43:00,0,normal
TX_3894,U_NORM_568,U_NORM_494,309.38,2026-01-04 20:46:00,0,normal
TX_3050,U_NORM_2,U_NORM_66,263.39,2026-01-04 20:46:00,0,normal
TX_482,U_NORM_36,U_NORM_213,428.79,2026-01-04 20:48:00,0,normal
TX_6816,U_NORM_158,U_COLL_40,8897.61,2026-01-04 20:54:00,1,collector_inflow
TX_686,U_NORM_776,U_NORM_885,293.63,2026-01-04 20:58:00,0,normal
TX_190,U_NORM_295,U_NORM_341,540.31,2026-01-04 20:59:00,0,normal
TX_5236,U_CRIM_12,U_NORM_281,1185.58,2026-01-04 21:05:00,1,criminal_outflow
TX_5670,U_CRIM_33,U_NORM_193,675.47,2026-01-04 21:06:00,1,criminal_outflow
TX_2555,U_NORM_183,U_NORM_132,66.29,2026-01-04 21:10:00,0,normal
TX_3733,U_NORM_571,U_NORM_877,602.06,2026-01-04 21:15:00,0,normal
TX_1256,U_NORM_339,U_NORM_108,651.19,2026-01-04 21:23:00,0,normal
TX_4542,U_NORM_55,U_NORM_254,505.64,2026-01-04 21:27:00,0,normal
TX_5776,U_CRIM_39,U_NORM_529,991.24,2026-01-04 21:33:00,1,criminal_outflow
TX_2483,U_NORM_596,U_NORM_761,504.09,2026-01-04 21:36:00,0,normal
TX_6540,U_NORM_594,U_COLL_26,5987.61,2026-01-04 21:37:00,1,collector_inflow
TX_4366,U_NORM_615,U_NORM_706,112.24,2026-01-04 21:43:00,0,normal
TX_1682,U_NORM_322,U_NORM_27,394.32,2026-01-04 21:43:00,0,normal
TX_184,U_NORM_322,U_NORM_197,710.93,2026-01-04 21:58:00,0,normal
TX_4032,U_NORM_472,U_NORM_634,85.4,2026-01-04 22:09:00,0,normal
TX_5044,U_CRIM_2,U_NORM_102,959.05,2026-01-04 22:31:00,1,criminal_outflow
TX_162,U_NORM_452,U_NORM_870,6.09,2026-01-04 22:32:00,0,normal
TX_2563,U_NORM_506,U_NORM_703,785.61,2026-01-04 22:34:00,0,normal
TX_1948,U_NORM_464,U_NORM_555,423.16,2026-01-04 22:35:00,0,normal
TX_5492,U_CRIM_25,U_NORM_346,1221.03,2026-01-04 22:42:00,1,criminal_outflow
TX_5514,U_CRIM_25,U_NORM_0,1793.88,2026-01-04 22:44:00,1,criminal_outflow
TX_5599,U_CRIM_30,U_NORM_348,757.12,2026-01-04 22:45:00,1,criminal_outflow
TX_2325,U_NORM_742,U_NORM_459,123.78,2026-01-04 22:56:00,0,normal
TX_6752,U_NORM_836,U_COLL_37,8857.03,2026-01-04 22:57:00,1,collector_inflow
TX_3072,U_NORM_486,U_NORM_451,172.45,2026-01-04 23:08:00,0,normal
TX_4536,U_NORM_895,U_NORM_455,142.67,2026-01-04 23:08:00,0,normal
TX_6549,U_NORM_81,U_COLL_26,7513.78,2026-01-04 23:09:00,1,collector_inflow
TX_1915,U_NORM_830,U_NORM_613,768.37,2026-01-04 23:11:00,0,normal
TX_1658,U_NORM_34,U_NORM_127,782.16,2026-01-04 23:13:00,0,normal
TX_4100,U_NORM_333,U_NORM_141,699.73,2026-01-04 23:14:00,0,normal
TX_1165,U_NORM_771,U_NORM_726,181.08,2026-01-04 23:17:00,0,normal
TX_2711,U_NORM_666,U_NORM_481,242.02,2026-01-04 23:27:00,0,normal
TX_154,U_NORM_575,U_NORM_801,630.37,2026-01-04 23:29:00,0,normal
TX_6465,U_NORM_27,U_COLL_22,9743.34,2026-01-04 23:31:00,1,collector_inflow
TX_5244,U_CRIM_12,U_NORM_608,520.23,2026-01-04 23:33:00,1,criminal_outflow
TX_2591,U_NORM_539,U_NORM_846,774.28,2026-01-04 23:36:00,0,normal
TX_5636,U_CRIM_31,U_NORM_88,1802.86,2026-01-04 23:48:00,1,criminal_outflow
TX_3780,U_NORM_453,U_NORM_843,101.37,2026-01-04 23:50:00,0,normal
TX_401,U_NORM_342,U_NORM_94,36.35,2026-01-04 23:59:00,0,normal
TX_6586,U_NORM_158,U_COLL_28,7338.58,2026-01-05 00:06:00,1,collector_inflow
TX_378,U_NORM_898,U_NORM_615,705.51,2026-01-05 00:08:00,0,normal
TX_2650,U_NORM_604,U_NORM_815,771.58,2026-01-05 00:09:00,0,normal
TX_3518,U_NORM_405,U_NORM_449,129.18,2026-01-05 00:14:00,0,normal
TX_6035,U_NORM_497,U_COLL_2,9552.66,2026-01-05 00:18:00,1,collector_inflow
TX_6979,U_NORM_181,U_COLL_47,6253.0,2026-01-05 00:23:00,1,collector_inflow
TX_6420,U_NORM_291,U_COLL_20,7990.17,2026-01-05 00:24:00,1,collector_inflow
TX_2585,U_NORM_472,U_NORM_560,57.96,2026-01-05 00:25:00,0,normal
TX_1098,U_NORM_782,U_NORM_578,416.24,2026-01-05 00:26:00,0,normal
TX_1233,U_NORM_530,U_NORM_864,640.38,2026-01-05 00:43:00,0,normal
TX_1874,U_NORM_537,U_NORM_665,585.06,2026-01-05 00:46:00,0,normal
TX_6241,U_NORM_6,U_COLL_10,7122.31,2026-01-05 00:53:00,1,collector_inflow
TX_182,U_NORM_135,U_NORM_419,414.13,2026-01-05 00:55:00,0,normal
TX_3169,U_NORM_565,U_NORM_631,203.83,2026-01-05 01:06:00,0,normal
TX_1720,U_NORM_141,U_NORM_171,760.55,2026-01-05 01:15:00,0,normal
TX_469,U_NORM_21,U_NORM_40,654.46,2026-01-05 01:26:00,0,normal
TX_4082,U_NORM_50,U_NORM_382,21.36,2026-01-05 01:33:00,0,normal
TX_2661,U_NORM_494,U_NORM_597,263.14,2026-01-05 01:36:00,0,normal
TX_2599,U_NORM_596,U_NORM_698,49.58,2026-01-05 01:36:00,0,normal
TX_804,U_NORM_602,U_NORM_861,714.13,2026-01-05 01:41:00,0,normal
TX_5661,U_CRIM_33,U_NORM_820,535.98,2026-01-05 01:45:00,1,criminal_outflow
TX_1105,U_NORM_541,U_NORM_886,432.13,2026-01-05 01:47:00,0,normal
TX_3674,U_NORM_271,U_NORM_249,532.5,2026-01-05 01:53:00,0,normal
TX_984,U_NORM_349,U_NORM_275,797.26,2026-01-05 02:16:00,0,normal
TX_5821,U_CRIM_41,U_NORM_876,593.02,2026-01-05 02:20:00,1,criminal_outflow
TX_2103,U_NORM_432,U_NORM_10,320.17,2026-01-05 02:20:00,0,normal
TX_2876,U_NORM_749,U_NORM_661,768.79,2026-01-05 02:21:00,0,normal
TX_4617,U_NORM_226,U_NORM_298,329.09,2026-01-05 02:28:00,0,normal
TX_1923,U_NORM_555,U_NORM_537,17.82,2026-01-05 02:29:00,0,normal
TX_982,U_NORM_895,U_NORM_500,625.01,2026-01-05 02:34:00,0,normal
TX_2205,U_NORM_523,U_NORM_648,463.68,2026-01-05 02:49:00,0,normal
TX_6356,U_NORM_189,U_COLL_17,6558.4,2026-01-05 02:55:00,1,collector_inflow
TX_4794,U_NORM_757,U_NORM_894,505.9,2026-01-05 03:05:00,0,normal
TX_6305,U_NORM_25,U_COLL_14,8397.49,2026-01-05 03:06:00,1,collector_inflow
TX_1698,U_NORM_817,U_NORM_462,151.33,2026-01-05 03:06:00,0,normal
TX_3210,U_NORM_599,U_NORM_576,98.37,2026-01-05 03:10:00,0,normal
TX_3639,U_NORM_845,U_NORM_567,25.04,2026-01-05 03:17:00,0,normal
TX_2077,U_NORM_659,U_NORM_484,414.35,2026-01-05 03:21:00,0,normal
TX_5863,U_CRIM_43,U_NORM_704,745.03,2026-01-05 03:21:00,1,criminal_outflow
TX_3339,U_NORM_172,U_NORM_203,635.36,2026-01-05 03:26:00,0,normal
TX_3707,U_NORM_41,U_NORM_243,556.29,2026-01-05 03:29:00,0,normal
TX_5839,U_CRIM_42,U_NORM_471,805.13,2026-01-05 03:39:00,1,criminal_outflow
TX_3286,U_NORM_326,U_NORM_65,416.14,2026-01-05 03:57:00,0,normal
TX_4127,U_NORM_24,U_NORM_398,378.75,2026-01-05 04:08:00,0,normal
TX_1529,U_NORM_69,U_NORM_408,242.24,2026-01-05 04:09:00,0,normal
TX_6300,U_NORM_528,U_COLL_14,8821.02,2026-01-05 04:10:00,1,collector_inflow
TX_5404,U_CRIM_21,U_NORM_865,522.55,2026-01-05 04:16:00,1,criminal_outflow
TX_3211,U_NORM_767,U_NORM_754,533.34,2026-01-05 04:17:00,0,normal
TX_3565,U_NORM_19,U_NORM_203,357.99,2026-01-05 04:24:00,0,normal
TX_5163,U_CRIM_8,U_NORM_354,670.77,2026-01-05 04:31:00,1,criminal_outflow
TX_3293,U_NORM_271,U_NORM_54,683.53,2026-01-05 04:43:00,0,normal
TX_4167,U_NORM_488,U_NORM_592,497.78,2026-01-05 04:49:00,0,normal
TX_3174,U_NORM_753,U_NORM_503,296.06,2026-01-05 04:53:00,0,normal
TX_3043,U_NORM_153,U_NORM_346,181.64,2026-01-05 04:56:00,0,normal
TX_55,U_NORM_704,U_NORM_649,105.92,2026-01-05 05:05:00,0,normal
TX_6834,U_NORM_13,U_COLL_41,7075.65,2026-01-05 05:05:00,1,collector_inflow
TX_3669,U_NORM_493,U_NORM_641,145.16,2026-01-05 05:09:00,0,normal
TX_2314,U_NORM_345,U_NORM_22,666.48,2026-01-05 05:24:00,0,normal
TX_5593,U_CRIM_30,U_NORM_370,1505.29,2026-01-05 05:26:00,1,criminal_outflow
TX_3378,U_NORM_880,U_NORM_846,75.16,2026-01-05 05:27:00,0,normal
TX_2143,U_NORM_486,U_NORM_733,447.15,2026-01-05 05:32:00,0,normal
TX_6423,U_NORM_622,U_COLL_20,6797.16,2026-01-05 05:51:00,1,collector_inflow
TX_6103,U_NORM_297,U_COLL_4,7354.17,2026-01-05 06:01:00,1,collector_inflow
TX_3460,U_NORM_463,U_NORM_848,265.71,2026-01-05 06:12:00,0,normal
TX_1174,U_NORM_36,U_NORM_397,613.36,2026-01-05 06:20:00,0,normal
TX_5598,U_CRIM_30,U_NORM_367,1802.05,2026-01-05 06:21:00,1,criminal_outflow
TX_2706,U_NORM_807,U_NORM_466,395.02,2026-01-05 06:23:00,0,normal
TX_3617,U_NORM_73,U_NORM_178,243.85,2026-01-05 06:27:00,0,normal
TX_1301,U_NORM_111,U_NORM_395,430.38,2026-01-05 06:34:00,0,normal
TX_2128,U_NORM_622,U_NORM_712,350.35,2026-01-05 06:34:00,0,normal
TX_4039,U_NORM_111,U_NORM_31,290.45,2026-01-05 06:38:00,0,normal
TX_422,U_NORM_712,U_NORM_883,212.11,2026-01-05 06:47:00,0,normal
TX_1452,U_NORM_88,U_NORM_315,320.76,2026-01-05 07:06:00,0,normal
TX_6849,U_NORM_615,U_COLL_41,6946.68,2026-01-05 07:09:00,1,collector_inflow
TX_3257,U_NORM_11,U_NORM_96,776.56,2026-01-05 07:24:00,0,normal
TX_6030,U_NORM_440,U_COLL_1,5437.74,2026-01-05 07:24:00,1,collector_inflow
TX_4918,U_NORM_43,U_NORM_227,239.15,2026-01-05 07:26:00,0,normal
TX_3204,U_NORM_638,U_NORM_783,640.5,2026-01-05 07:29:00,0,normal
TX_5059,U_CRIM_2,U_NORM_875,1792.3,2026-01-05 07:43:00,1,criminal_outflow
TX_2971,U_NORM_202,U_NORM_12,359.29,2026-01-05 08:01:00,0,normal
TX_3346,U_NORM_708,U_NORM_885,429.87,2026-01-05 08:01:00,0,normal
TX_4464,U_NORM_136,U_NORM_191,161.67,2026-01-05 08:03:00,0,normal
TX_1310,U_NORM_95,U_NORM_33,157.08,2026-01-05 08:24:00,0,normal
TX_6396,U_NORM_176,U_COLL_19,6877.2,2026-01-05 08:27:00,1,collector_inflow
TX_2556,U_NORM_125,U_NORM_361,765.18,2026-01-05 08:43:00,0,normal
TX_1399,U_NORM_242,U_NORM_374,268.7,2026-01-05 08:43:00,0,normal
TX_2188,U_NORM_304,U_NORM_18,237.05,2026-01-05 08:45:00,0,normal
TX_5481,U_CRIM_24,U_NORM_814,1073.26,2026-01-05 08:56:00,1,criminal_outflow
TX_2282,U_NORM_65,U_NORM_128,617.67,2026-01-05 09:04:00,0,normal
TX_4220,U_NORM_210,U_NORM_396,534.48,2026-01-05 09:06:00,0,normal
TX_3317,U_NORM_105,U_NORM_386,445.13,2026-01-05 09:10:00,0,normal
TX_671,U_NORM_583,U_NORM_666,175.85,2026-01-05 09:11:00,0,normal
TX_1946,U_NORM_792,U_NORM_827,249.6,2026-01-05 09:12:00,0,normal
TX_1177,U_NORM_43,U_NORM_22,743.54,2026-01-05 09:22:00,0,normal
TX_3443,U_NORM_250,U_NORM_275,42.97,2026-01-05 09:31:00,0,normal
TX_2097,U_NORM_112,U_NORM_193,668.88,2026-01-05 09:32:00,0,normal
TX_6810,U_NORM_894,U_COLL_40,7385.12,2026-01-05 09:53:00,1,collector_inflow
TX_2466,U_NORM_163,U_NORM_424,533.79,2026-01-05 09:54:00,0,normal
TX_4969,U_NORM_339,U_NORM_218,750.36,2026-01-05 10:20:00,0,normal
TX_4877,U_NORM_18,U_NORM_290,485.89,2026-01-05 10:21:00,0,normal
TX_2341,U_NORM_242,U_NORM_413,751.55,2026-01-05 10:49:00,0,normal
TX_2508,U_NORM_410,U_NORM_223,101.31,2026-01-05 10:54:00,0,normal
TX_1141,U_NORM_36,U_NORM_344,273.79,2026-01-05 10:55:00,0,normal
TX_2185,U_NORM_628,U_NORM_518,256.18,2026-01-05 10:57:00,0,normal
TX_5159,U_CRIM_8,U_NORM_453,749.66,2026-01-05 10:59:00,1,criminal_outflow
TX_6003,U_NORM_815,U_COLL_0,6059.81,2026-01-05 11:02:00,1,collector_inflow
TX_1527,U_NORM_699,U_NORM_485,423.71,2026-01-05 11:08:00,0,normal
TX_1140,U_NORM_782,U_NORM_740,197.29,2026-01-05 11:10:00,0,normal
TX_4070,U_NORM_178,U_NORM_414,375.84,2026-01-05 11:14:00,0,normal
TX_174,U_NORM_590,U_NORM_851,212.14,2026-01-05 11:21:00,0,normal
TX_2121,U_NORM_72,U_NORM_301,782.25,2026-01-05 11:21:00,0,normal
TX_5779,U_CRIM_39,U_NORM_658,873.47,2026-01-05 11:33:00,1,criminal_outflow
TX_464,U_NORM_144,U_NORM_255,540.64,2026-01-05 11:37:00,0,normal
TX_643,U_NORM_269,U_NORM_264,511.01,2026-01-05 11:37:00,0,normal
TX_4861,U_NORM_836,U_NORM_830,647.85,2026-01-05 11:50:00,0,normal
TX_6522,U_NORM_695,U_COLL_25,9201.4,2026-01-05 11:56:00,1,collector_inflow
TX_1987,U_NORM_731,U_NORM_648,70.59,2026-01-05 12:01:00,0,normal
TX_5332,U_CRIM_16,U_NORM_720,1720.95,2026-01-05 12:02:00,1,criminal_outflow
TX_6106,U_NORM_546,U_COLL_5,6102.5,2026-01-05 12:05:00,1,collector_inflow
TX_3781,U_NORM_103,U_NORM_120,213.94,2026-01-05 12:05:00,0,normal
TX_408,U_NORM_755,U_NORM_685,105.44,2026-01-05 12:09:00,0,normal
TX_6404,U_NORM_797,U_COLL_19,5273.12,2026-01-05 12:27:00,1,collector_inflow
TX_93,U_NORM_66,U_NORM_39,38.94,2026-01-05 12:28:00,0,normal
TX_1241,U_NORM_525,U_NORM_476,478.29,2026-01-05 12:29:00,0,normal
TX_4143,U_NORM_868,U_NORM_814,208.37,2026-01-05 12:32:00,0,normal
TX_4999,U_NORM_526,U_NORM_846,245.26,2026-01-05 12:51:00,0,normal
TX_6046,U_NORM_351,U_COLL_2,6110.12,2026-01-05 12:55:00,1,collector_inflow
TX_1215,U_NORM_610,U_NORM_483,622.2,2026-01-05 12:57:00,0,normal
TX_6772,U_NORM_895,U_COLL_38,7550.79,2026-01-05 13:02:00,1,collector_inflow
TX_1271,U_NORM_521,U_NORM_804,83.47,2026-01-05 13:05:00,0,normal
TX_3729,U_NORM_25,U_NORM_44,235.25,2026-01-05 13:07:00,0,normal
TX_5221,U_CRIM_10,U_NORM_598,886.57,2026-01-05 13:09:00,1,criminal_outflow
TX_3266,U_NORM_867,U_NORM_620,416.47,2026-01-05 13:14:00,0,normal
TX_198,U_NORM_345,U_NORM_338,524.21,2026-01-05 13:28:00,0,normal
TX_5342,U_CRIM_17,U_NORM_719,753.76,2026-01-05 13:29:00,1,criminal_outflow
TX_6925,U_NORM_122,U_COLL_45,6574.73,2026-01-05 13:37:00,1,collector_inflow
TX_3430,U_NORM_205,U_NORM_71,388.39,2026-01-05 13:58:00,0,normal
TX_7018,U_NORM_388,U_COLL_48,7343.35,2026-01-05 14:08:00,1,collector_inflow
TX_6639,U_NORM_605,U_COLL_31,9363.98,2026-01-05 14:11:00,1,collector_inflow
TX_3340,U_NORM_698,U_NORM_455,475.81,2026-01-05 14:15:00,0,normal
TX_1905,U_NORM_477,U_NORM_842,147.32,2026-01-05 14:25:00,0,normal
TX_6983,U_NORM_780,U_COLL_47,7316.9,2026-01-05 14:29:00,1,collector_inflow
TX_5784,U_CRIM_39,U_NORM_612,1805.85,2026-01-05 14:32:00,1,criminal_outflow
TX_6320,U_NORM_87,U_COLL_15,7142.67,2026-01-05 14:39:00,1,collector_inflow
TX_4480,U_NORM_257,U_NORM_263,227.6,2026-01-05 14:56:00,0,normal
TX_605,U_NORM_248,U_NORM_341,781.44,2026-01-05 15:05:00,0,normal
TX_3751,U_NORM_425,U_NORM_88,741.43,2026-01-05 15:09:00,0,normal
TX_2440,U_NORM_796,U_NORM_775,369.99,2026-01-05 15:10:00,0,normal
TX_4894,U_NORM_223,U_NORM_79,212.02,2026-01-05 15:15:00,0,normal
TX_4509,U_NORM_151,U_NORM_52,714.73,2026-01-05 15:16:00,0,normal
TX_6948,U_NORM_644,U_COLL_46,8839.09,2026-01-05 15:19:00,1,collector_inflow
TX_3247,U_NORM_252,U_NORM_125,56.65,2026-01-05 15:19:00,0,normal
TX_3922,U_NORM_634,U_NORM_875,613.99,2026-01-05 15:19:00,0,normal
TX_781,U_NORM_254,U_NORM_294,656.78,2026-01-05 15:22:00,0,normal
TX_2117,U_NORM_209,U_NORM_284,570.69,2026-01-05 15:37:00,0,normal
TX_559,U_NORM_49,U_NORM_20,136.84,2026-01-05 15:39:00,0,normal
TX_5393,U_CRIM_20,U_NORM_152,1280.46,2026-01-05 15:48:00,1,criminal_outflow
TX_4884,U_NORM_237,U_NORM_57,781.38,2026-01-05 15:56:00,0,normal
TX_1442,U_NORM_375,U_NORM_97,522.93,2026-01-05 15:59:00,0,normal
TX_3363,U_NORM_142,U_NORM_89,203.22,2026-01-05 16:06:00,0,normal
TX_1596,U_NORM_677,U_NORM_488,17.49,2026-01-05 16:22:00,0,normal
TX_4276,U_NORM_542,U_NORM_615,725.84,2026-01-05 16:26:00,0,normal
TX_2320,U_NORM_762,U_NORM_506,654.95,2026-01-05 16:34:00,0,normal
TX_1228,U_NORM_609,U_NORM_594,470.6,2026-01-05 16:36:00,0,normal
TX_2259,U_NORM_761,U_NORM_697,723.29,2026-01-05 16:41:00,0,normal
TX_1802,U_NORM_875,U_NORM_651,252.87,2026-01-05 16:43:00,0,normal
TX_6797,U_NORM_108,U_COLL_39,5423.8,2026-01-05 16:45:00,1,collector_inflow
TX_4990,U_NORM_395,U_NORM_144,617.08,2026-01-05 16:49:00,0,normal
TX_591,U_NORM_408,U_NORM_253,485.49,2026-01-05 16:59:00,0,normal
TX_3093,U_NORM_830,U_NORM_505,794.76,2026-01-05 17:06:00,0,normal
TX_5760,U_CRIM_37,U_NORM_811,1584.61,2026-01-05 17:14:00,1,criminal_outflow
TX_2827,U_NORM_789,U_NORM_525,579.06,2026-01-05 17:18:00,0,normal
TX_2377,U_NORM_244,U_NORM_79,244.28,2026-01-05 17:18:00,0,normal
TX_5827,U_CRIM_41,U_NORM_583,1074.77,2026-01-05 17:19:00,1,criminal_outflow
TX_3519,U_NORM_128,U_NORM_200,487.44,2026-01-05 17:22:00,0,normal
TX_1567,U_NORM_320,U_NORM_3,325.89,2026-01-05 17:26:00,0,normal
TX_1744,U_NORM_376,U_NORM_201,447.38,2026-01-05 17:26:00,0,normal
TX_1898,U_NORM_896,U_NORM_681,614.14,2026-01-05 17:27:00,0,normal
TX_1089,U_NORM_344,U_NORM_258,504.1,2026-01-05 17:36:00,0,normal
TX_4015,U_NORM_1,U_NORM_324,584.29,2026-01-05 17:43:00,0,normal
TX_2166,U_NORM_262,U_NORM_61,448.39,2026-01-05 17:44:00,0,normal
TX_616,U_NORM_354,U_NORM_140,301.14,2026-01-05 17:54:00,0,normal
TX_4920,U_NORM_712,U_NORM_479,783.42,2026-01-05 17:55:00,0,normal
TX_2155,U_NORM_162,U_NORM_378,649.46,2026-01-05 18:01:00,0,normal
TX_3965,U_NORM_561,U_NORM_761,362.03,2026-01-05 18:11:00,0,normal
TX_1186,U_NORM_187,U_NORM_128,213.64,2026-01-05 18:16:00,0,normal
TX_6672,U_NORM_673,U_COLL_33,5538.54,2026-01-05 18:23:00,1,collector_inflow
TX_5635,U_CRIM_31,U_NORM_497,839.09,2026-01-05 18:26:00,1,criminal_outflow
TX_3446,U_NORM_448,U_NORM_364,616.04,2026-01-05 18:57:00,0,normal
TX_4334,U_NORM_37,U_NORM_414,240.65,2026-01-05 19:00:00,0,normal
TX_6720,U_NORM_465,U_COLL_36,7984.5,2026-01-05 19:03:00,1,collector_inflow
TX_2478,U_NORM_514,U_NORM_846,118.7,2026-01-05 19:07:00,0,normal
TX_1328,U_NORM_567,U_NORM_870,769.53,2026-01-05 19:09:00,0,normal
TX_2758,U_NORM_728,U_NORM_776,565.98,2026-01-05 19:30:00,0,normal
TX_6095,U_NORM_242,U_COLL_4,9027.65,2026-01-05 19:39:00,1,collector_inflow
TX_2095,U_NORM_851,U_NORM_847,729.97,2026-01-05 19:45:00,0,normal
TX_6102,U_NORM_625,U_COLL_4,5100.29,2026-01-05 19:56:00,1,collector_inflow
TX_4601,U_NORM_333,U_NORM_362,553.81,2026-01-05 20:01:00,0,normal
TX_1912,U_NORM_822,U_NORM_888,169.93,2026-01-05 20:14:00,0,normal
TX_5173,U_CRIM_8,U_NORM_534,1552.68,2026-01-05 20:16:00,1,criminal_outflow
TX_3201,U_NORM_408,U_NORM_155,324.81,2026-01-05 20:32:00,0,normal
TX_4254,U_NORM_171,U_NORM_110,428.23,2026-01-05 20:36:00,0,normal
TX_105,U_NORM_856,U_NORM_579,626.74,2026-01-05 20:38:00,0,normal
TX_4684,U_NORM_752,U_NORM_892,684.69,2026-01-05 20:47:00,0,normal
TX_5339,U_CRIM_17,U_NORM_236,1523.34,2026-01-05 21:01:00,1,criminal_outflow
TX_4259,U_NORM_544,U_NORM_716,563.87,2026-01-05 21:01:00,0,normal
TX_4504,U_NORM_838,U_NORM_633,726.58,2026-01-05 21:07:00,0,normal
TX_4507,U_NORM_282,U_NORM_98,90.57,2026-01-05 21:07:00,0,normal
TX_5597,U_CRIM_30,U_NORM_687,1946.28,2026-01-05 21:09:00,1,criminal_outflow
TX_1494,U_NORM_752,U_NORM_537,321.85,2026-01-05 21:18:00,0,normal
TX_1108,U_NORM_204,U_NORM_90,245.08,2026-01-05 21:24:00,0,normal
TX_2219,U_NORM_364,U_NORM_131,523.82,2026-01-05 21:28:00,0,normal
TX_1671,U_NORM_154,U_NORM_1,313.74,2026-01-05 21:28:00,0,normal
TX_1417,U_NORM_406,U_NORM_79,136.17,2026-01-05 21:40:00,0,normal
TX_5180,U_CRIM_9,U_NORM_450,1632.12,2026-01-05 21:47:00,1,criminal_outflow
TX_6750,U_NORM_456,U_COLL_37,6498.97,2026-01-05 21:47:00,1,collector_inflow
TX_1880,U_NORM_491,U_NORM_456,153.5,2026-01-05 21:50:00,0,normal
TX_4804,U_NORM_553,U_NORM_852,442.26,2026-01-05 21:51:00,0,normal
TX_3330,U_NORM_644,U_NORM_597,772.35,2026-01-05 21:51:00,0,normal
TX_995,U_NORM_176,U_NORM_1,654.91,2026-01-05 21:55:00,0,normal
TX_4264,U_NORM_159,U_NORM_195,531.1,2026-01-05 22:14:00,0,normal
TX_2962,U_NORM_318,U_NORM_210,310.81,2026-01-05 22:20:00,0,normal
TX_1541,U_NORM_36,U_NORM_126,351.47,2026-01-05 22:28:00,0,normal
TX_4842,U_NORM_329,U_NORM_362,189.14,2026-01-05 22:37:00,0,normal
TX_1570,U_NORM_778,U_NORM_460,342.7,2026-01-05 22:56:00,0,normal
TX_3904,U_NORM_398,U_NORM_74,41.12,2026-01-05 22:58:00,0,normal
TX_41,U_NORM_891,U_NORM_581,289.11,2026-01-05 22:58:00,0,normal
TX_5897,U_CRIM_45,U_NORM_718,1738.15,2026-01-05 23:01:00,1,criminal_outflow
TX_1712,U_NORM_188,U_NORM_83,247.58,2026-01-05 23:05:00,0,normal
TX_3949,U_NORM_703,U_NORM_635,391.46,2026-01-05 23:07:00,0,normal
TX_1018,U_NORM_786,U_NORM_897,65.66,2026-01-05 23:15:00,0,normal
TX_3863,U_NORM_825,U_NORM_659,636.44,2026-01-05 23:19:00,0,normal
TX_3118,U_NORM_2,U_NORM_285,177.2,2026-01-05 23:22:00,0,normal
TX_3128,U_NORM_677,U_NORM_464,30.85,2026-01-05 23:24:00,0,normal
TX_2764,U_NORM_832,U_NORM_604,127.38,2026-01-05 23:25:00,0,normal
TX_4852,U_NORM_538,U_NORM_536,421.54,2026-01-05 23:30:00,0,normal
TX_5356,U_CRIM_19,U_NORM_304,1668.16,2026-01-05 23:37:00,1,criminal_outflow
TX_4468,U_NORM_348,U_NORM_16,474.23,2026-01-05 23:46:00,0,normal
TX_4073,U_NORM_763,U_NORM_831,207.6,2026-01-06 00:02:00,0,normal
TX_6406,U_NORM_111,U_COLL_19,7356.25,2026-01-06 00:05:00,1,collector_inflow
TX_2292,U_NORM_851,U_NORM_678,738.7,2026-01-06 00:07:00,0,normal
TX_6371,U_NORM_616,U_COLL_18,7563.99,2026-01-06 00:09:00,1,collector_inflow
TX_3786,U_NORM_769,U_NORM_486,525.89,2026-01-06 00:10:00,0,normal
TX_3876,U_NORM_642,U_NORM_755,768.08,2026-01-06 00:14:00,0,normal
TX_2671,U_NORM_466,U_NORM_718,242.89,2026-01-06 00:29:00,0,normal
TX_5862,U_CRIM_43,U_NORM_353,1167.81,2026-01-06 00:42:00,1,criminal_outflow
TX_4760,U_NORM_726,U_NORM_620,607.54,2026-01-06 00:47:00,0,normal
TX_6975,U_NORM_730,U_COLL_47,7196.7,2026-01-06 00:49:00,1,collector_inflow
TX_2283,U_NORM_800,U_NORM_844,545.19,2026-01-06 00:52:00,0,normal
TX_2120,U_NORM_386,U_NORM_271,248.2,2026-01-06 00:54:00,0,normal
TX_4119,U_NORM_558,U_NORM_787,155.21,2026-01-06 00:57:00,0,normal
TX_5508,U_CRIM_25,U_NORM_786,831.66,2026-01-06 00:58:00,1,criminal_outflow
TX_3870,U_NORM_283,U_NORM_192,37.41,2026-01-06 00:59:00,0,normal
TX_2872,U_NORM_732,U_NORM_560,166.47,2026-01-06 01:19:00,0,normal
TX_3163,U_NORM_98,U_NORM_10,400.78,2026-01-06 01:32:00,0,normal
TX_6086,U_NORM_721,U_COLL_4,5262.37,2026-01-06 01:39:00,1,collector_inflow
TX_2413,U_NORM_503,U_NORM_800,195.61,2026-01-06 01:50:00,0,normal
TX_3679,U_NORM_711,U_NORM_543,645.37,2026-01-06 01:51:00,0,normal
TX_1910,U_NORM_27,U_NORM_353,134.52,2026-01-06 01:52:00,0,normal
TX_3661,U_NORM_854,U_NORM_764,34.64,2026-01-06 01:56:00,0,normal
TX_4655,U_NORM_174,U_NORM_77,774.13,2026-01-06 02:07:00,0,normal
TX_6721,U_NORM_327,U_COLL_36,8601.38,2026-01-06 02:15:00,1,collector_inflow
TX_1035,U_NORM_605,U_NORM_531,475.64,2026-01-06 02:19:00,0,normal
TX_2992,U_NORM_313,U_NORM_210,157.45,2026-01-06 02:19:00,0,normal
TX_4042,U_NORM_735,U_NORM_502,336.29,2026-01-06 02:41:00,0,normal
TX_569,U_NORM_455,U_NORM_725,194.76,2026-01-06 02:47:00,0,normal
TX_1850,U_NORM_333,U_NORM_230,766.97,2026-01-06 02:49:00,0,normal
TX_4606,U_NORM_159,U_NORM_434,718.72,2026-01-06 02:51:00,0,normal
TX_6460,U_NORM_274,U_COLL_22,8902.03,2026-01-06 02:56:00,1,collector_inflow
TX_264,U_NORM_153,U_NORM_145,794.41,2026-01-06 02:57:00,0,normal
TX_3290,U_NORM_153,U_NORM_51,65.94,2026-01-06 03:00:00,0,normal
TX_1365,U_NORM_285,U_NORM_37,624.05,2026-01-06 03:10:00,0,normal
TX_6297,U_NORM_836,U_COLL_13,8078.06,2026-01-06 03:12:00,1,collector_inflow
TX_6480,U_NORM_632,U_COLL_23,7999.45,2026-01-06 03:19:00,1,collector_inflow
TX_6490,U_NORM_718,U_COLL_23,6019.23,2026-01-06 03:26:00,1,collector_inflow
TX_3160,U_NORM_536,U_NORM_491,525.35,2026-01-06 03:32:00,0,normal
TX_1764,U_NORM_154,U_NORM_52,789.7,2026-01-06 03:56:00,0,normal
TX_2679,U_NORM_851,U_NORM_873,468.04,2026-01-06 03:56:00,0,normal
TX_3148,U_NORM_512,U_NORM_752,496.11,2026-01-06 04:01:00,0,normal
TX_3755,U_NORM_624,U_NORM_642,374.17,2026-01-06 04:01:00,0,normal
TX_1441,U_NORM_317,U_NORM_179,166.94,2026-01-06 04:03:00,0,normal
TX_5664,U_CRIM_33,U_NORM_733,1927.14,2026-01-06 04:06:00,1,criminal_outflow
TX_171,U_NORM_66,U_NORM_337,234.47,2026-01-06 04:08:00,0,normal
TX_6118,U_NORM_787,U_COLL_5,8041.82,2026-01-06 04:10:00,1,collector_inflow
TX_5058,U_CRIM_2,U_NORM_815,1092.8,2026-01-06 04:12:00,1,criminal_outflow
TX_6052,U_NORM_801,U_COLL_2,6901.15,2026-01-06 04:15:00,1,collector_inflow
TX_5304,U_CRIM_15,U_NORM_436,590.64,2026-01-06 04:34:00,1,criminal_outflow
TX_6308,U_NORM_261,U_COLL_14,6469.07,2026-01-06 04:34:00,1,collector_inflow
TX_1369,U_NORM_867,U_NORM_837,413.63,2026-01-06 04:36:00,0,normal
TX_516,U_NORM_745,U_NORM_751,629.02,2026-01-06 04:38:00,0,normal
TX_4095,U_NORM_6,U_NORM_102,307.19,2026-01-06 04:38:00,0,normal
TX_2052,U_NORM_778,U_NORM_599,712.71,2026-01-06 04:39:00,0,normal
TX_3602,U_NORM_28,U_NORM_228,775.17,2026-01-06 04:51:00,0,normal
TX_768,U_NORM_320,U_NORM_338,282.58,2026-01-06 05:06:00,0,normal
TX_3297,U_NORM_25,U_NORM_181,161.05,2026-01-06 05:09:00,0,normal
TX_2492,U_NORM_323,U_NORM_207,764.06,2026-01-06 05:11:00,0,normal
TX_712,U_NORM_798,U_NORM_841,772.77,2026-01-06 05:12:00,0,normal
TX_1711,U_NORM_773,U_NORM_759,142.69,2026-01-06 05:18:00,0,normal
TX_272,U_NORM_14,U_NORM_0,74.52,2026-01-06 05:21:00,0,normal
TX_1759,U_NORM_295,U_NORM_191,451.25,2026-01-06 05:27:00,0,normal
TX_2558,U_NORM_771,U_NORM_516,158.6,2026-01-06 05:35:00,0,normal
TX_724,U_NORM_28,U_NORM_179,180.61,2026-01-06 05:40:00,0,normal
TX_510,U_NORM_265,U_NORM_30,522.38,2026-01-06 05:52:00,0,normal
TX_3151,U_NORM_656,U_NORM_861,453.22,2026-01-06 05:59:00,0,normal
TX_6905,U_NORM_888,U_COLL_44,6016.85,2026-01-06 06:00:00,1,collector_inflow
TX_1395,U_NORM_353,U_NORM_55,363.15,2026-01-06 06:02:00,0,normal
TX_15,U_NORM_787,U_NORM_836,140.05,2026-01-06 06:13:00,0,normal
TX_1288,U_NORM_397,U_NORM_321,656.54,2026-01-06 06:20:00,0,normal
TX_5746,U_CRIM_36,U_NORM_393,1592.02,2026-01-06 06:22:00,1,criminal_outflow
TX_4726,U_NORM_582,U_NORM_744,389.25,2026-01-06 06:28:00,0,normal
TX_5589,U_CRIM_30,U_NORM_63,1345.67,2026-01-06 06:30:00,1,criminal_outflow
TX_628,U_NORM_872,U_NORM_753,497.99,2026-01-06 06:32:00,0,normal
TX_1356,U_NORM_888,U_NORM_784,385.08,2026-01-06 06:33:00,0,normal
TX_3013,U_NORM_459,U_NORM_835,314.9,2026-01-06 06:50:00,0,normal
TX_3818,U_NORM_726,U_NORM_494,585.48,2026-01-06 06:53:00,0,normal
TX_3547,U_NORM_65,U_NORM_400,676.97,2026-01-06 06:59:00,0,normal
TX_6250,U_NORM_127,U_COLL_11,9271.75,2026-01-06 07:03:00,1,collector_inflow
TX_2936,U_NORM_795,U_NORM_546,440.93,2026-01-06 07:25:00,0,normal
TX_6704,U_NORM_368,U_COLL_35,6991.44,2026-01-06 07:25:00,1,collector_inflow
TX_6713,U_NORM_133,U_COLL_35,5097.21,2026-01-06 07:53:00,1,collector_inflow
TX_5377,U_CRIM_19,U_NORM_372,1997.9,2026-01-06 07:54:00,1,criminal_outflow
TX_511,U_NORM_196,U_NORM_168,67.21,2026-01-06 08:02:00,0,normal
TX_2853,U_NORM_484,U_NORM_829,145.64,2026-01-06 08:11:00,0,normal
TX_3444,U_NORM_363,U_NORM_402,541.56,2026-01-06 08:11:00,0,normal
TX_5914,U_CRIM_45,U_NORM_120,1862.82,2026-01-06 08:13:00,1,criminal_outflow
TX_3202,U_NORM_674,U_NORM_572,571.65,2026-01-06 08:13:00,0,normal
TX_6567,U_NORM_622,U_COLL_27,8558.07,2026-01-06 08:24:00,1,collector_inflow
TX_621,U_NORM_209,U_NORM_141,418.0,2026-01-06 08:40:00,0,normal
TX_3702,U_NORM_439,U_NORM_231,325.56,2026-01-06 08:47:00,0,normal
TX_1982,U_NORM_74,U_NORM_153,741.81,2026-01-06 08:53:00,0,normal
TX_6467,U_NORM_435,U_COLL_22,6221.88,2026-01-06 08:55:00,1,collector_inflow
TX_472,U_NORM_859,U_NORM_801,790.17,2026-01-06 08:57:00,0,normal
TX_1473,U_NORM_764,U_NORM_489,391.72,2026-01-06 09:57:00,0,normal
TX_771,U_NORM_587,U_NORM_610,170.5,2026-01-06 10:21:00,0,normal
TX_6462,U_NORM_32,U_COLL_22,6990.2,2026-01-06 10:25:00,1,collector_inflow
TX_1002,U_NORM_142,U_NORM_192,248.49,2026-01-06 10:27:00,0,normal
TX_2810,U_NORM_491,U_NORM_755,138.34,2026-01-06 10:30:00,0,normal
TX_691,U_NORM_107,U_NORM_101,693.04,2026-01-06 10:33:00,0,normal
TX_890,U_NORM_714,U_NORM_570,613.55,2026-01-06 10:35:00,0,normal
TX_6493,U_NORM_671,U_COLL_24,8513.92,2026-01-06 10:40:00,1,collector_inflow
TX_1921,U_NORM_648,U_NORM_683,392.75,2026-01-06 10:41:00,0,normal
TX_4020,U_NORM_458,U_NORM_497,648.1,2026-01-06 10:42:00,0,normal
TX_2837,U_NORM_487,U_NORM_475,546.02,2026-01-06 10:47:00,0,normal
TX_6469,U_NORM_735,U_COLL_22,5140.43,2026-01-06 10:57:00,1,collector_inflow
TX_667,U_NORM_468,U_NORM_846,458.36,2026-01-06 11:08:00,0,normal
TX_5352,U_CRIM_18,U_NORM_385,1101.7,2026-01-06 11:16:00,1,criminal_outflow
TX_6754,U_NORM_197,U_COLL_37,7256.33,2026-01-06 11:17:00,1,collector_inflow
TX_2820,U_NORM_480,U_NORM_455,81.02,2026-01-06 11:20:00,0,normal
TX_3040,U_NORM_326,U_NORM_148,291.08,2026-01-06 11:20:00,0,normal
TX_1603,U_NORM_757,U_NORM_517,151.97,2026-01-06 11:22:00,0,normal
TX_2199,U_NORM_181,U_NORM_211,172.06,2026-01-06 11:31:00,0,normal
TX_5483,U_CRIM_24,U_NORM_634,1996.5,2026-01-06 11:46:00,1,criminal_outflow
TX_4175,U_NORM_376,U_NORM_254,742.43,2026-01-06 11:50:00,0,normal
TX_1305,U_NORM_645,U_NORM_491,238.59,2026-01-06 11:54:00,0,normal
TX_3803,U_NORM_286,U_NORM_429,667.98,2026-01-06 12:00:00,0,normal
TX_4446,U_NORM_101,U_NORM_339,772.17,2026-01-06 12:07:00,0,normal
TX_5034,U_CRIM_1,U_NORM_847,607.69,2026-01-06 12:07:00,1,criminal_outflow
TX_3337,U_NORM_713,U_NORM_786,347.65,2026-01-06 12:08:00,0,normal
TX_5944,U_CRIM_47,U_NORM_718,989.32,2026-01-06 12:20:00,1,criminal_outflow
TX_549,U_NORM_811,U_NORM_754,83.93,2026-01-06 12:20:00,0,normal
TX_461,U_NORM_811,U_NORM_527,576.57,2026-01-06 12:24:00,0,normal
TX_1232,U_NORM_474,U_NORM_701,401.73,2026-01-06 12:36:00,0,normal
TX_5677,U_CRIM_33,U_NORM_598,1596.45,2026-01-06 12:36:00,1,criminal_outflow
TX_5970,U_CRIM_48,U_NORM_818,1805.08,2026-01-06 12:43:00,1,criminal_outflow
TX_3857,U_NORM_725,U_NORM_663,594.64,2026-01-06 12:48:00,0,normal
TX_785,U_NORM_855,U_NORM_784,618.37,2026-01-06 13:06:00,0,normal
TX_6054,U_NORM_461,U_COLL_3,6955.93,2026-01-06 13:09:00,1,collector_inflow
TX_4722,U_NORM_281,U_NORM_373,597.55,2026-01-06 13:10:00,0,normal
TX_3466,U_NORM_96,U_NORM_251,433.6,2026-01-06 13:19:00,0,normal
TX_2152,U_NORM_828,U_NORM_663,789.39,2026-01-06 13:24:00,0,normal
TX_4194,U_NORM_25,U_NORM_13,14.04,2026-01-06 13:25:00,0,normal
TX_139,U_NORM_820,U_NORM_580,589.45,2026-01-06 13:38:00,0,normal
TX_1818,U_NORM_807,U_NORM_516,48.54,2026-01-06 13:43:00,0,normal
TX_6652,U_NORM_546,U_COLL_32,9544.65,2026-01-06 13:43:00,1,collector_inflow
TX_876,U_NORM_73,U_NORM_37,596.44,2026-01-06 13:52:00,0,normal
TX_6140,U_NORM_341,U_COLL_6,8368.72,2026-01-06 13:54:00,1,collector_inflow
TX_6577,U_NORM_212,U_COLL_28,7872.93,2026-01-06 13:57:00,1,collector_inflow
TX_6916,U_NORM_53,U_COLL_44,9932.68,2026-01-06 14:01:00,1,collector_inflow
TX_5558,U_CRIM_28,U_NORM_418,1855.41,2026-01-06 14:03:00,1,criminal_outflow
TX_2099,U_NORM_422,U_NORM_350,137.11,2026-01-06 14:09:00,0,normal
TX_6122,U_NORM_129,U_COLL_6,7071.72,2026-01-06 14:11:00,1,collector_inflow
TX_335,U_NORM_501,U_NORM_812,726.86,2026-01-06 14:14:00,0,normal
TX_1876,U_NORM_45,U_NORM_69,323.46,2026-01-06 14:20:00,0,normal
TX_2913,U_NORM_535,U_NORM_726,153.56,2026-01-06 14:34:00,0,normal
TX_3690,U_NORM_193,U_NORM_211,728.77,2026-01-06 14:35:00,0,normal
TX_1138,U_NORM_533,U_NORM_785,195.45,2026-01-06 14:41:00,0,normal
TX_1285,U_NORM_892,U_NORM_809,591.41,2026-01-06 14:47:00,0,normal
TX_1468,U_NORM_177,U_NORM_272,456.65,2026-01-06 14:57:00,0,normal
TX_4216,U_NORM_756,U_NORM_476,430.0,2026-01-06 15:08:00,0,normal
TX_3630,U_NORM_833,U_NORM_797,142.07,2026-01-06 15:09:00,0,normal
TX_5413,U_CRIM_21,U_NORM_862,1744.68,2026-01-06 15:12:00,1,criminal_outflow
TX_1202,U_NORM_715,U_NORM_521,606.94,2026-01-06 15:15:00,0,normal
TX_5056,U_CRIM_2,U_NORM_388,743.5,2026-01-06 15:16:00,1,criminal_outflow
TX_3218,U_NORM_590,U_NORM_586,566.42,2026-01-06 15:27:00,0,normal
TX_1993,U_NORM_600,U_NORM_507,83.15,2026-01-06 15:33:00,0,normal
TX_5316,U_CRIM_16,U_NORM_449,1056.35,2026-01-06 15:34:00,1,criminal_outflow
TX_6128,U_NORM_348,U_COLL_6,9592.84,2026-01-06 15:35:00,1,collector_inflow
TX_466,U_NORM_185,U_NORM_323,646.3,2026-01-06 15:41:00,0,normal
TX_301,U_NORM_374,U_NORM_203,154.1,2026-01-06 15:49:00,0,normal
TX_6212,U_NORM_217,U_COLL_9,7377.01,2026-01-06 15:55:00,1,collector_inflow
TX_2037,U_NORM_702,U_NORM_817,99.75,2026-01-06 16:17:00,0,normal
TX_6768,U_NORM_556,U_COLL_38,6612.29,2026-01-06 16:24:00,1,collector_inflow
TX_6931,U_NORM_127,U_COLL_45,9633.45,2026-01-06 16:29:00,1,collector_inflow
TX_2355,U_NORM_229,U_NORM_68,61.41,2026-01-06 16:40:00,0,normal
TX_6319,U_NORM_399,U_COLL_15,9788.7,2026-01-06 16:41:00,1,collector_inflow
TX_3956,U_NORM_392,U_NORM_260,403.44,2026-01-06 16:53:00,0,normal
TX_4679,U_NORM_282,U_NORM_292,356.73,2026-01-06 16:53:00,0,normal
TX_4047,U_NORM_406,U_NORM_37,346.29,2026-01-06 16:57:00,0,normal
TX_5307,U_CRIM_16,U_NORM_658,657.32,2026-01-06 16:58:00,1,criminal_outflow
TX_4455,U_NORM_107,U_NORM_389,45.1,2026-01-06 17:08:00,0,normal
TX_2394,U_NORM_86,U_NORM_327,721.84,2026-01-06 17:12:00,0,normal
TX_4788,U_NORM_788,U_NORM_648,772.34,2026-01-06 17:26:00,0,normal
TX_2545,U_NORM_367,U_NORM_97,428.73,2026-01-06 17:47:00,0,normal
TX_4033,U_NORM_89,U_NORM_44,439.08,2026-01-06 17:55:00,0,normal
TX_7015,U_NORM_486,U_COLL_48,9017.94,2026-01-06 17:59:00,1,collector_inflow
TX_1949,U_NORM_772,U_NORM_878,198.08,2026-01-06 18:06:00,0,normal
TX_3024,U_NORM_296,U_NORM_409,700.55,2026-01-06 18:08:00,0,normal
TX_405,U_NORM_385,U_NORM_336,798.18,2026-01-06 18:13:00,0,normal
TX_5882,U_CRIM_44,U_NORM_791,1015.44,2026-01-06 18:19:00,1,criminal_outflow
TX_5187,U_CRIM_9,U_NORM_21,1438.09,2026-01-06 18:26:00,1,criminal_outflow
TX_1985,U_NORM_202,U_NORM_121,413.57,2026-01-06 18:43:00,0,normal
TX_3624,U_NORM_442,U_NORM_313,437.92,2026-01-06 18:47:00,0,normal
TX_2674,U_NORM_656,U_NORM_617,372.64,2026-01-06 18:52:00,0,normal
TX_1099,U_NORM_371,U_NORM_340,342.75,2026-01-06 18:52:00,0,normal
TX_5382,U_CRIM_19,U_NORM_410,1369.78,2026-01-06 18:53:00,1,criminal_outflow
TX_2307,U_NORM_481,U_NORM_852,538.49,2026-01-06 18:58:00,0,normal
TX_4746,U_NORM_396,U_NORM_14,249.87,2026-01-06 19:06:00,0,normal
TX_1168,U_NORM_105,U_NORM_185,169.57,2026-01-06 19:24:00,0,normal
TX_5820,U_CRIM_41,U_NORM_754,591.77,2026-01-06 19:25:00,1,criminal_outflow
TX_6572,U_NORM_657,U_COLL_27,8373.57,2026-01-06 19:26:00,1,collector_inflow
TX_6431,U_NORM_337,U_COLL_20,5346.45,2026-01-06 19:29:00,1,collector_inflow
TX_1170,U_NORM_336,U_NORM_323,41.89,2026-01-06 19:34:00,0,normal
TX_5625,U_CRIM_31,U_NORM_794,1585.29,2026-01-06 19:35:00,1,criminal_outflow
TX_538,U_NORM_89,U_NORM_357,417.84,2026-01-06 19:44:00,0,normal
TX_4630,U_NORM_324,U_NORM_250,554.79,2026-01-06 19:46:00,0,normal
TX_189,U_NORM_146,U_NORM_447,720.64,2026-01-06 19:47:00,0,normal
TX_6528,U_NORM_814,U_COLL_25,9148.09,2026-01-06 19:52:00,1,collector_inflow
TX_6041,U_NORM_567,U_COLL_2,8275.08,2026-01-06 19:54:00,1,collector_inflow
TX_2338,U_NORM_569,U_NORM_749,704.15,2026-01-06 19:58:00,0,normal
TX_4551,U_NORM_162,U_NORM_435,656.08,2026-01-06 20:05:00,0,normal
TX_1392,U_NORM_125,U_NORM_23,590.09,2026-01-06 20:09:00,0,normal
TX_6401,U_NORM_208,U_COLL_19,8736.63,2026-01-06 20:10:00,1,collector_inflow
TX_6352,U_NORM_148,U_COLL_17,6902.53,2026-01-06 20:10:00,1,collector_inflow
TX_782,U_NORM_390,U_NORM_315,384.33,2026-01-06 20:10:00,0,normal
TX_5252,U_CRIM_13,U_NORM_662,943.35,2026-01-06 20:12:00,1,criminal_outflow
TX_2300,U_NORM_59,U_NORM_350,631.07,2026-01-06 20:13:00,0,normal
TX_351,U_NORM_856,U_NORM_797,330.09,2026-01-06 20:26:00,0,normal
TX_6581,U_NORM_681,U_COLL_28,6718.73,2026-01-06 20:27:00,1,collector_inflow
TX_6182,U_NORM_362,U_COLL_8,8810.38,2026-01-06 20:41:00,1,collector_inflow
TX_4094,U_NORM_221,U_NORM_39,147.56,2026-01-06 20:46:00,0,normal
TX_6867,U_NORM_117,U_COLL_42,6559.83,2026-01-06 20:59:00,1,collector_inflow
TX_4638,U_NORM_806,U_NORM_795,639.6,2026-01-06 21:03:00,0,normal
TX_923,U_NORM_293,U_NORM_107,375.29,2026-01-06 21:05:00,0,normal
TX_3071,U_NORM_445,U_NORM_187,290.42,2026-01-06 21:06:00,0,normal
TX_6089,U_NORM_108,U_COLL_4,7165.93,2026-01-06 21:06:00,1,collector_inflow
TX_4461,U_NORM_421,U_NORM_199,543.62,2026-01-06 21:48:00,0,normal
TX_4106,U_NORM_391,U_NORM_314,578.46,2026-01-06 21:53:00,0,normal
TX_3715,U_NORM_254,U_NORM_163,604.69,2026-01-06 22:03:00,0,normal
TX_3509,U_NORM_195,U_NORM_340,662.83,2026-01-06 22:06:00,0,normal
TX_1991,U_NORM_709,U_NORM_877,759.38,2026-01-06 22:11:00,0,normal
TX_6157,U_NORM_287,U_COLL_7,9364.67,2026-01-06 22:12:00,1,collector_inflow
TX_4491,U_NORM_82,U_NORM_305,341.55,2026-01-06 22:14:00,0,normal
TX_2838,U_NORM_313,U_NORM_186,667.89,2026-01-06 22:30:00,0,normal
TX_150,U_NORM_796,U_NORM_592,125.41,2026-01-06 22:35:00,0,normal
TX_2883,U_NORM_533,U_NORM_717,400.56,2026-01-06 22:36:00,0,normal
TX_4477,U_NORM_330,U_NORM_29,734.88,2026-01-06 23:01:00,0,normal
TX_1575,U_NORM_9,U_NORM_238,520.19,2026-01-06 23:13:00,0,normal
TX_1194,U_NORM_522,U_NORM_860,586.93,2026-01-06 23:13:00,0,normal
TX_6060,U_NORM_380,U_COLL_3,9430.81,2026-01-06 23:28:00,1,collector_inflow
TX_3295,U_NORM_857,U_NORM_577,110.64,2026-01-06 23:31:00,0,normal
TX_2467,U_NORM_712,U_NORM_818,233.14,2026-01-06 23:32:00,0,normal
TX_1597,U_NORM_101,U_NORM_267,79.69,2026-01-06 23:32:00,0,normal
TX_2977,U_NORM_10,U_NORM_81,66.13,2026-01-06 23:33:00,0,normal
TX_4001,U_NORM_202,U_NORM_284,635.79,2026-01-06 23:37:00,0,normal
TX_3206,U_NORM_596,U_NORM_791,728.91,2026-01-06 23:39:00,0,normal
TX_1156,U_NORM_205,U_NORM_198,72.96,2026-01-06 23:42:00,0,normal
TX_2578,U_NORM_840,U_NORM_644,479.52,2026-01-06 23:44:00,0,normal
TX_4958,U_NORM_96,U_NORM_162,521.65,2026-01-06 23:45:00,0,normal
TX_2543,U_NORM_89,U_NORM_238,449.64,2026-01-06 23:49:00,0,normal
TX_3856,U_NORM_0,U_NORM_431,101.18,2026-01-06 23:52:00,0,normal
TX_2027,U_NORM_373,U_NORM_424,43.58,2026-01-06 23:56:00,0,normal
TX_4421,U_NORM_81,U_NORM_441,170.86,2026-01-07 00:13:00,0,normal
TX_5435,U_CRIM_22,U_NORM_898,1262.46,2026-01-07 00:13:00,1,criminal_outflow
TX_5951,U_CRIM_47,U_NORM_747,1943.05,2026-01-07 00:37:00,1,criminal_outflow
TX_3097,U_NORM_41,U_NORM_253,393.01,2026-01-07 00:38:00,0,normal
TX_5243,U_CRIM_12,U_NORM_856,1402.35,2026-01-07 01:03:00,1,criminal_outflow
TX_3173,U_NORM_217,U_NORM_341,468.03,2026-01-07 01:06:00,0,normal
TX_3254,U_NORM_535,U_NORM_820,352.64,2026-01-07 01:15:00,0,normal
TX_2935,U_NORM_70,U_NORM_381,412.33,2026-01-07 01:25:00,0,normal
TX_5683,U_CRIM_34,U_NORM_401,787.81,2026-01-07 01:37:00,1,criminal_outflow
TX_1977,U_NORM_38,U_NORM_39,392.38,2026-01-07 01:41:00,0,normal
TX_416,U_NORM_290,U_NORM_162,388.17,2026-01-07 01:42:00,0,normal
TX_1613,U_NORM_882,U_NORM_658,123.86,2026-01-07 01:51:00,0,normal
TX_3078,U_NORM_183,U_NORM_259,544.5,2026-01-07 01:55:00,0,normal
TX_1398,U_NORM_135,U_NORM_234,616.82,2026-01-07 02:02:00,0,normal
TX_868,U_NORM_532,U_NORM_751,329.46,2026-01-07 02:05:00,0,normal
TX_3726,U_NORM_447,U_NORM_396,738.86,2026-01-07 02:10:00,0,normal
TX_5580,U_CRIM_29,U_NORM_228,683.4,2026-01-07 02:11:00,1,criminal_outflow
TX_119,U_NORM_751,U_NORM_691,456.77,2026-01-07 02:26:00,0,normal
TX_3152,U_NORM_214,U_NORM_141,192.18,2026-01-07 02:32:00,0,normal
TX_638,U_NORM_506,U_NORM_598,641.14,2026-01-07 02:56:00,0,normal
TX_6886,U_NORM_590,U_COLL_43,9653.17,2026-01-07 03:04:00,1,collector_inflow
TX_5730,U_CRIM_36,U_NORM_297,1449.66,2026-01-07 03:05:00,1,criminal_outflow
TX_2280,U_NORM_11,U_NORM_225,660.49,2026-01-07 03:24:00,0,normal
TX_3125,U_NORM_521,U_NORM_777,255.37,2026-01-07 03:28:00,0,normal
TX_5162,U_CRIM_8,U_NORM_9,1519.46,2026-01-07 03:31:00,1,criminal_outflow
TX_4500,U_NORM_863,U_NORM_455,621.04,2026-01-07 03:55:00,0,normal
TX_1917,U_NORM_828,U_NORM_605,525.83,2026-01-07 03:56:00,0,normal
TX_2552,U_NORM_207,U_NORM_292,563.9,2026-01-07 03:57:00,0,normal
TX_3374,U_NORM_431,U_NORM_44,448.21,2026-01-07 04:02:00,0,normal
TX_4189,U_NORM_803,U_NORM_461,516.86,2026-01-07 04:02:00,0,normal
TX_68,U_NORM_891,U_NORM_785,281.68,2026-01-07 04:02:00,0,normal
TX_5778,U_CRIM_39,U_NORM_782,1920.41,2026-01-07 04:13:00,1,criminal_outflow
TX_6684,U_NORM_297,U_COLL_33,5486.91,2026-01-07 04:21:00,1,collector_inflow
TX_3304,U_NORM_816,U_NORM_833,779.82,2026-01-07 04:23:00,0,normal
TX_3703,U_NORM_246,U_NORM_374,725.21,2026-01-07 04:32:00,0,normal
TX_7049,U_NORM_316,U_NORM_745,89.45,2026-01-07 04:33:00,0,bridge
TX_1173,U_NORM_289,U_NORM_381,430.4,2026-01-07 04:36:00,0,normal
TX_6381,U_NORM_472,U_COLL_18,8352.73,2026-01-07 04:49:00,1,collector_inflow
TX_1440,U_NORM_455,U_NORM_779,546.75,2026-01-07 04:52:00,0,normal
TX_3895,U_NORM_79,U_NORM_203,546.46,2026-01-07 04:58:00,0,normal
TX_4157,U_NORM_206,U_NORM_184,47.53,2026-01-07 05:07:00,0,normal
TX_603,U_NORM_877,U_NORM_800,751.93,2026-01-07 05:25:00,0,normal
TX_1676,U_NORM_337,U_NORM_289,96.04,2026-01-07 05:33:00,0,normal
TX_3462,U_NORM_410,U_NORM_345,625.66,2026-01-07 05:34:00,0,normal
TX_2606,U_NORM_494,U_NORM_492,532.74,2026-01-07 05:48:00,0,normal
TX_3789,U_NORM_101,U_NORM_230,776.48,2026-01-07 05:49:00,0,normal
TX_250,U_NORM_324,U_NORM_17,759.73,2026-01-07 06:06:00,0,normal
TX_2749,U_NORM_391,U_NORM_71,208.92,2026-01-07 06:06:00,0,normal
TX_2905,U_NORM_753,U_NORM_529,568.12,2026-01-07 06:10:00,0,normal
TX_3092,U_NORM_815,U_NORM_723,245.18,2026-01-07 06:21:00,0,normal
TX_6775,U_NORM_215,U_COLL_38,6817.39,2026-01-07 06:22:00,1,collector_inflow
TX_3901,U_NORM_868,U_NORM_692,342.5,2026-01-07 06:27:00,0,normal
TX_5945,U_CRIM_47,U_NORM_242,1010.21,2026-01-07 06:27:00,1,criminal_outflow
TX_3571,U_NORM_302,U_NORM_47,707.74,2026-01-07 06:32:00,0,normal
TX_4729,U_NORM_565,U_NORM_504,777.91,2026-01-07 06:38:00,0,normal
TX_6857,U_NORM_835,U_COLL_42,9747.46,2026-01-07 06:39:00,1,collector_inflow
TX_4144,U_NORM_672,U_NORM_521,694.98,2026-01-07 06:45:00,0,normal
TX_3109,U_NORM_235,U_NORM_96,161.43,2026-01-07 06:47:00,0,normal
TX_2560,U_NORM_74,U_NORM_13,346.57,2026-01-07 07:39:00,0,normal
TX_5831,U_CRIM_41,U_NORM_161,1323.29,2026-01-07 07:46:00,1,criminal_outflow
TX_2960,U_NORM_115,U_NORM_106,423.25,2026-01-07 08:00:00,0,normal
TX_6094,U_NORM_693,U_COLL_4,8891.2,2026-01-07 08:01:00,1,collector_inflow
TX_6826,U_NORM_516,U_COLL_41,5805.83,2026-01-07 08:09:00,1,collector_inflow
TX_4049,U_NORM_558,U_NORM_559,127.25,2026-01-07 08:14:00,0,normal
TX_5920,U_CRIM_46,U_NORM_171,1433.94,2026-01-07 08:18:00,1,criminal_outflow
TX_5805,U_CRIM_40,U_NORM_412,819.19,2026-01-07 08:19:00,1,criminal_outflow
TX_3508,U_NORM_735,U_NORM_765,29.97,2026-01-07 08:31:00,0,normal
TX_2040,U_NORM_298,U_NORM_352,49.08,2026-01-07 08:33:00,0,normal
TX_2245,U_NORM_802,U_NORM_524,735.95,2026-01-07 08:39:00,0,normal
TX_2959,U_NORM_561,U_NORM_839,575.3,2026-01-07 08:49:00,0,normal
TX_962,U_NORM_281,U_NORM_323,552.58,2026-01-07 09:03:00,0,normal
TX_1225,U_NORM_896,U_NORM_824,326.35,2026-01-07 09:03:00,0,normal
TX_5783,U_CRIM_39,U_NORM_671,1902.97,2026-01-07 09:05:00,1,criminal_outflow
TX_5700,U_CRIM_35,U_NORM_73,1901.63,2026-01-07 09:12:00,1,criminal_outflow
TX_5847,U_CRIM_42,U_NORM_631,588.96,2026-01-07 09:15:00,1,criminal_outflow
TX_3730,U_NORM_686,U_NORM_697,171.65,2026-01-07 09:15:00,0,normal
TX_4253,U_NORM_696,U_NORM_659,438.74,2026-01-07 09:18:00,0,normal
TX_2952,U_NORM_808,U_NORM_654,163.32,2026-01-07 09:18:00,0,normal
TX_1684,U_NORM_553,U_NORM_481,420.57,2026-01-07 09:21:00,0,normal
TX_2796,U_NORM_643,U_NORM_681,300.67,2026-01-07 09:34:00,0,normal
TX_3228,U_NORM_137,U_NORM_166,756.6,2026-01-07 09:43:00,0,normal
TX_2780,U_NORM_724,U_NORM_476,679.62,2026-01-07 09:47:00,0,normal
TX_3650,U_NORM_567,U_NORM_732,337.07,2026-01-07 09:47:00,0,normal
TX_5601,U_CRIM_30,U_NORM_286,1059.25,2026-01-07 09:56:00,1,criminal_outflow
TX_4805,U_NORM_765,U_NORM_656,728.56,2026-01-07 10:05:00,0,normal
TX_96,U_NORM_480,U_NORM_500,624.12,2026-01-07 10:23:00,0,normal
TX_6076,U_NORM_139,U_COLL_3,5167.38,2026-01-07 10:27:00,1,collector_inflow
TX_6944,U_NORM_784,U_COLL_46,8147.72,2026-01-07 10:34:00,1,collector_inflow
TX_5157,U_CRIM_8,U_NORM_355,1071.07,2026-01-07 10:50:00,1,criminal_outflow
TX_5392,U_CRIM_20,U_NORM_264,1299.62,2026-01-07 10:55:00,1,criminal_outflow
TX_3993,U_NORM_846,U_NORM_842,604.92,2026-01-07 10:56:00,0,normal
TX_2656,U_NORM_355,U_NORM_133,406.61,2026-01-07 11:00:00,0,normal
TX_6067,U_NORM_642,U_COLL_3,6129.72,2026-01-07 11:19:00,1,collector_inflow
TX_943,U_NORM_821,U_NORM_666,304.23,2026-01-07 11:24:00,0,normal
TX_4812,U_NORM_325,U_NORM_359,174.25,2026-01-07 11:34:00,0,normal
TX_6020,U_NORM_825,U_COLL_1,8854.86,2026-01-07 11:40:00,1,collector_inflow
TX_4038,U_NORM_206,U_NORM_81,614.84,2026-01-07 11:40:00,0,normal
TX_3137,U_NORM_457,U_NORM_527,568.63,2026-01-07 11:51:00,0,normal
TX_4131,U_NORM_745,U_NORM_733,430.85,2026-01-07 11:59:00,0,normal
TX_4546,U_NORM_672,U_NORM_544,768.18,2026-01-07 12:10:00,0,normal
TX_3091,U_NORM_107,U_NORM_290,66.87,2026-01-07 12:49:00,0,normal
TX_6513,U_NORM_573,U_COLL_24,9387.33,2026-01-07 13:07:00,1,collector_inflow
TX_3031,U_NORM_350,U_NORM_55,326.06,2026-01-07 13:26:00,0,normal
TX_346,U_NORM_257,U_NORM_288,364.24,2026-01-07 13:27:00,0,normal
TX_2222,U_NORM_507,U_NORM_461,210.44,2026-01-07 13:28:00,0,normal
TX_6006,U_NORM_774,U_COLL_1,9541.33,2026-01-07 13:34:00,1,collector_inflow
TX_5176,U_CRIM_9,U_NORM_328,1843.67,2026-01-07 13:40:00,1,criminal_outflow
TX_566,U_NORM_812,U_NORM_829,92.42,2026-01-07 13:53:00,0,normal
TX_3561,U_NORM_389,U_NORM_298,225.95,2026-01-07 14:15:00,0,normal
TX_2308,U_NORM_36,U_NORM_388,336.84,2026-01-07 14:15:00,0,normal
TX_2663,U_NORM_666,U_NORM_472,18.5,2026-01-07 14:17:00,0,normal
TX_4786,U_NORM_653,U_NORM_737,741.79,2026-01-07 14:42:00,0,normal
TX_1334,U_NORM_225,U_NORM_275,235.05,2026-01-07 14:46:00,0,normal
TX_121,U_NORM_530,U_NORM_875,96.66,2026-01-07 14:52:00,0,normal
TX_2763,U_NORM_489,U_NORM_831,97.05,2026-01-07 14:54:00,0,normal
TX_2227,U_NORM_39,U_NORM_307,279.9,2026-01-07 14:54:00,0,normal
TX_6608,U_NORM_780,U_COLL_29,7242.41,2026-01-07 14:56:00,1,collector_inflow
TX_2598,U_NORM_657,U_NORM_752,680.63,2026-01-07 15:00:00,0,normal
TX_2657,U_NORM_696,U_NORM_802,602.26,2026-01-07 15:17:00,0,normal
TX_2986,U_NORM_735,U_NORM_500,689.67,2026-01-07 15:30:00,0,normal
TX_3064,U_NORM_417,U_NORM_126,156.46,2026-01-07 15:32:00,0,normal
TX_1180,U_NORM_329,U_NORM_424,675.77,2026-01-07 15:33:00,0,normal
TX_5885,U_CRIM_44,U_NORM_312,1529.47,2026-01-07 15:53:00,1,criminal_outflow
TX_1146,U_NORM_800,U_NORM_525,402.13,2026-01-07 15:54:00,0,normal
TX_4261,U_NORM_776,U_NORM_885,757.2,2026-01-07 15:58:00,0,normal
TX_6806,U_NORM_283,U_COLL_40,7150.29,2026-01-07 16:04:00,1,collector_inflow
TX_6976,U_NORM_869,U_COLL_47,5565.76,2026-01-07 16:05:00,1,collector_inflow
TX_4749,U_NORM_52,U_NORM_61,733.2,2026-01-07 16:23:00,0,normal
TX_4753,U_NORM_708,U_NORM_673,606.21,2026-01-07 16:25:00,0,normal
TX_30,U_NORM_202,U_NORM_240,733.61,2026-01-07 16:26:00,0,normal
TX_736,U_NORM_159,U_NORM_52,617.41,2026-01-07 16:30:00,0,normal
TX_4592,U_NORM_524,U_NORM_872,147.53,2026-01-07 16:31:00,0,normal
TX_3365,U_NORM_387,U_NORM_345,794.48,2026-01-07 16:35:00,0,normal
TX_5750,U_CRIM_36,U_NORM_304,1649.13,2026-01-07 16:49:00,1,criminal_outflow
TX_249,U_NORM_458,U_NORM_540,229.08,2026-01-07 16:54:00,0,normal
TX_1957,U_NORM_44,U_NORM_42,233.41,2026-01-07 16:59:00,0,normal
TX_5488,U_CRIM_24,U_NORM_81,825.83,2026-01-07 17:00:00,1,criminal_outflow
TX_2415,U_NORM_846,U_NORM_713,207.64,2026-01-07 17:02:00,0,normal
TX_4581,U_NORM_148,U_NORM_4,19.05,2026-01-07 17:02:00,0,normal
TX_3102,U_NORM_526,U_NORM_784,737.23,2026-01-07 17:03:00,0,normal
TX_106,U_NORM_34,U_NORM_346,26.73,2026-01-07 17:04:00,0,normal
TX_5353,U_CRIM_18,U_NORM_535,1096.16,2026-01-07 17:11:00,1,criminal_outflow
TX_3586,U_NORM_412,U_NORM_107,152.86,2026-01-07 17:30:00,0,normal
TX_4881,U_NORM_730,U_NORM_543,304.56,2026-01-07 17:33:00,0,normal
TX_1428,U_NORM_65,U_NORM_41,522.44,2026-01-07 17:36:00,0,normal
TX_1027,U_NORM_10,U_NORM_312,526.55,2026-01-07 17:39:00,0,normal
TX_2335,U_NORM_760,U_NORM_656,659.01,2026-01-07 17:47:00,0,normal
TX_1316,U_NORM_793,U_NORM_507,349.61,2026-01-07 17:52:00,0,normal
TX_6485,U_NORM_813,U_COLL_23,5725.55,2026-01-07 18:01:00,1,collector_inflow
TX_790,U_NORM_702,U_NORM_586,35.52,2026-01-07 18:06:00,0,normal
TX_6053,U_NORM_887,U_COLL_3,8408.89,2026-01-07 18:06:00,1,collector_inflow
TX_43,U_NORM_386,U_NORM_167,757.64,2026-01-07 18:11:00,0,normal
TX_3123,U_NORM_335,U_NORM_364,545.67,2026-01-07 18:21:00,0,normal
TX_6317,U_NORM_430,U_COLL_15,9660.3,2026-01-07 18:29:00,1,collector_inflow
TX_283,U_NORM_443,U_NORM_318,330.52,2026-01-07 18:37:00,0,normal
TX_438,U_NORM_661,U_NORM_760,108.41,2026-01-07 18:41:00,0,normal
TX_2867,U_NORM_142,U_NORM_121,144.81,2026-01-07 18:41:00,0,normal
TX_1788,U_NORM_658,U_NORM_453,653.78,2026-01-07 18:44:00,0,normal
TX_141,U_NORM_319,U_NORM_165,521.37,2026-01-07 18:49:00,0,normal
TX_3303,U_NORM_454,U_NORM_685,703.31,2026-01-07 18:53:00,0,normal
TX_6841,U_NORM_146,U_COLL_41,6738.79,2026-01-07 18:54:00,1,collector_inflow
TX_1196,U_NORM_620,U_NORM_792,136.58,2026-01-07 18:58:00,0,normal
TX_2471,U_NORM_649,U_NORM_850,479.0,2026-01-07 19:02:00,0,normal
TX_2991,U_NORM_52,U_NORM_384,309.07,2026-01-07 19:05:00,0,normal
TX_5337,U_CRIM_17,U_NORM_875,1404.1,2026-01-07 19:12:00,1,criminal_outflow
TX_5472,U_CRIM_24,U_NORM_300,595.94,2026-01-07 19:16:00,1,criminal_outflow
TX_3798,U_NORM_262,U_NORM_103,741.56,2026-01-07 19:19:00,0,normal
TX_437,U_NORM_260,U_NORM_36,736.79,2026-01-07 19:25:00,0,normal
TX_4537,U_NORM_558,U_NORM_573,451.75,2026-01-07 19:31:00,0,normal
TX_3528,U_NORM_340,U_NORM_193,382.88,2026-01-07 19:35:00,0,normal
TX_4724,U_NORM_486,U_NORM_698,579.5,2026-01-07 19:44:00,0,normal
TX_2232,U_NORM_432,U_NORM_244,740.83,2026-01-07 19:48:00,0,normal
TX_2534,U_NORM_652,U_NORM_762,366.05,2026-01-07 19:59:00,0,normal
TX_1563,U_NORM_409,U_NORM_317,259.18,2026-01-07 20:11:00,0,normal
TX_3760,U_NORM_637,U_NORM_593,493.48,2026-01-07 20:12:00,0,normal
TX_1756,U_NORM_830,U_NORM_688,295.36,2026-01-07 20:13:00,0,normal
TX_2229,U_NORM_676,U_NORM_628,750.1,2026-01-07 20:16:00,0,normal
TX_1933,U_NORM_831,U_NORM_676,632.84,2026-01-07 20:27:00,0,normal
TX_6566,U_NORM_810,U_COLL_27,9085.62,2026-01-07 20:34:00,1,collector_inflow
TX_5417,U_CRIM_21,U_NORM_841,912.98,2026-01-07 20:34:00,1,criminal_outflow
TX_278,U_NORM_346,U_NORM_124,497.26,2026-01-07 20:36:00,0,normal
TX_6509,U_NORM_55,U_COLL_24,7301.25,2026-01-07 20:37:00,1,collector_inflow
TX_2839,U_NORM_130,U_NORM_363,645.72,2026-01-07 20:41:00,0,normal
TX_3285,U_NORM_51,U_NORM_82,708.69,2026-01-07 20:56:00,0,normal
TX_6351,U_NORM_753,U_COLL_17,5643.41,2026-01-07 20:58:00,1,collector_inflow
TX_6237,U_NORM_161,U_COLL_10,7901.09,2026-01-07 21:00:00,1,collector_inflow
TX_5841,U_CRIM_42,U_NORM_291,1968.31,2026-01-07 21:04:00,1,criminal_outflow
TX_6169,U_NORM_587,U_COLL_7,6718.87,2026-01-07 21:16:00,1,collector_inflow
TX_6781,U_NORM_528,U_COLL_39,6052.89,2026-01-07 21:19:00,1,collector_inflow
TX_3988,U_NORM_568,U_NORM_790,642.26,2026-01-07 21:21:00,0,normal
TX_5298,U_CRIM_15,U_NORM_503,1048.82,2026-01-07 21:27:00,1,criminal_outflow
TX_3344,U_NORM_348,U_NORM_16,39.31,2026-01-07 21:28:00,0,normal
TX_2985,U_NORM_469,U_NORM_687,591.45,2026-01-07 21:31:00,0,normal
TX_1058,U_NORM_148,U_NORM_381,752.32,2026-01-07 21:31:00,0,normal
TX_261,U_NORM_781,U_NORM_749,437.51,2026-01-07 21:38:00,0,normal
TX_3731,U_NORM_318,U_NORM_144,48.93,2026-01-07 21:53:00,0,normal
TX_2434,U_NORM_739,U_NORM_881,585.21,2026-01-07 21:58:00,0,normal
TX_3080,U_NORM_381,U_NORM_426,211.68,2026-01-07 22:07:00,0,normal
TX_146,U_NORM_163,U_NORM_256,673.7,2026-01-07 22:23:00,0,normal
TX_2261,U_NORM_432,U_NORM_437,257.66,2026-01-07 22:26:00,0,normal
TX_3224,U_NORM_172,U_NORM_239,705.25,2026-01-07 22:28:00,0,normal
TX_5886,U_CRIM_45,U_NORM_273,1920.39,2026-01-07 22:35:00,1,criminal_outflow
TX_3564,U_NORM_248,U_NORM_244,196.03,2026-01-07 22:51:00,0,normal
TX_6173,U_NORM_289,U_COLL_7,7229.8,2026-01-07 22:54:00,1,collector_inflow
TX_507,U_NORM_146,U_NORM_224,358.1,2026-01-07 23:01:00,0,normal
TX_5330,U_CRIM_16,U_NORM_353,1901.79,2026-01-07 23:06:00,1,criminal_outflow
TX_5414,U_CRIM_21,U_NORM_757,1781.11,2026-01-07 23:08:00,1,criminal_outflow
TX_5103,U_CRIM_5,U_NORM_283,527.54,2026-01-07 23:10:00,1,criminal_outflow
TX_6012,U_NORM_525,U_COLL_1,6018.54,2026-01-07 23:10:00,1,collector_inflow
TX_3070,U_NORM_233,U_NORM_293,434.29,2026-01-07 23:14:00,0,normal
TX_7058,U_NORM_350,U_NORM_777,40.96,2026-01-07 23:22:00,0,bridge
TX_6481,U_NORM_829,U_COLL_23,9397.16,2026-01-07 23:55:00,1,collector_inflow
TX_6194,U_NORM_23,U_COLL_8,9385.0,2026-01-07 23:57:00,1,collector_inflow
TX_4470,U_NORM_591,U_NORM_450,309.97,2026-01-08 00:04:00,0,normal
TX_5108,U_CRIM_5,U_NORM_554,1855.15,2026-01-08 00:10:00,1,criminal_outflow
TX_333,U_NORM_62,U_NORM_235,37.72,2026-01-08 00:12:00,0,normal
TX_886,U_NORM_73,U_NORM_399,109.34,2026-01-08 00:19:00,0,normal
TX_5507,U_CRIM_25,U_NORM_318,633.9,2026-01-08 00:20:00,1,criminal_outflow
TX_6556,U_NORM_205,U_COLL_26,9701.76,2026-01-08 00:22:00,1,collector_inflow
TX_688,U_NORM_749,U_NORM_861,596.94,2026-01-08 00:25:00,0,normal
TX_1158,U_NORM_254,U_NORM_163,660.71,2026-01-08 00:36:00,0,normal
TX_6515,U_NORM_10,U_COLL_24,5859.44,2026-01-08 00:44:00,1,collector_inflow
TX_3349,U_NORM_142,U_NORM_424,310.19,2026-01-08 00:49:00,0,normal
TX_5021,U_CRIM_1,U_NORM_393,1828.3,2026-01-08 00:51:00,1,criminal_outflow
TX_4552,U_NORM_845,U_NORM_514,19.84,2026-01-08 00:58:00,0,normal
TX_6967,U_NORM_404,U_COLL_46,9078.24,2026-01-08 01:02:00,1,collector_inflow
TX_3441,U_NORM_95,U_NORM_312,110.66,2026-01-08 01:13:00,0,normal
TX_2505,U_NORM_69,U_NORM_226,566.8,2026-01-08 01:15:00,0,normal
TX_5060,U_CRIM_3,U_NORM_451,786.95,2026-01-08 01:28:00,1,criminal_outflow
TX_6618,U_NORM_708,U_COLL_30,7689.47,2026-01-08 01:29:00,1,collector_inflow
TX_5253,U_CRIM_13,U_NORM_631,1916.7,2026-01-08 01:34:00,1,criminal_outflow
TX_6439,U_NORM_312,U_COLL_21,6934.33,2026-01-08 01:34:00,1,collector_inflow
TX_2011,U_NORM_868,U_NORM_733,156.56,2026-01-08 01:35:00,0,normal
TX_225,U_NORM_97,U_NORM_237,94.18,2026-01-08 01:39:00,0,normal
TX_1837,U_NORM_793,U_NORM_489,448.5,2026-01-08 01:58:00,0,normal
TX_2931,U_NORM_7,U_NORM_179,636.4,2026-01-08 02:00:00,0,normal
TX_1396,U_NORM_844,U_NORM_732,40.5,2026-01-08 02:10:00,0,normal
TX_3445,U_NORM_623,U_NORM_714,627.91,2026-01-08 02:12:00,0,normal
TX_863,U_NORM_817,U_NORM_754,178.43,2026-01-08 02:13:00,0,normal
TX_4041,U_NORM_639,U_NORM_854,25.52,2026-01-08 02:13:00,0,normal
TX_779,U_NORM_754,U_NORM_478,769.28,2026-01-08 02:13:00,0,normal
TX_3115,U_NORM_286,U_NORM_120,370.13,2026-01-08 02:20:00,0,normal
TX_6910,U_NORM_52,U_COLL_44,5695.99,2026-01-08 02:35:00,1,collector_inflow
TX_2031,U_NORM_597,U_NORM_814,115.41,2026-01-08 02:41:00,0,normal
TX_2687,U_NORM_826,U_NORM_889,442.91,2026-01-08 02:46:00,0,normal
TX_1860,U_NORM_742,U_NORM_490,741.71,2026-01-08 02:48:00,0,normal
TX_1497,U_NORM_346,U_NORM_52,370.21,2026-01-08 02:51:00,0,normal
TX_3642,U_NORM_97,U_NORM_151,647.76,2026-01-08 03:01:00,0,normal
TX_4250,U_NORM_33,U_NORM_11,780.93,2026-01-08 03:01:00,0,normal
TX_1936,U_NORM_623,U_NORM_531,90.92,2026-01-08 03:08:00,0,normal
TX_2603,U_NORM_155,U_NORM_322,576.51,2026-01-08 03:13:00,0,normal
TX_2318,U_NORM_65,U_NORM_72,347.12,2026-01-08 03:25:00,0,normal
TX_2315,U_NORM_860,U_NORM_483,698.15,2026-01-08 03:28:00,0,normal
TX_2912,U_NORM_809,U_NORM_782,182.55,2026-01-08 03:32:00,0,normal
TX_1922,U_NORM_263,U_NORM_328,408.22,2026-01-08 03:36:00,0,normal
TX_3386,U_NORM_778,U_NORM_695,645.1,2026-01-08 03:37:00,0,normal
TX_4604,U_NORM_460,U_NORM_778,379.94,2026-01-08 03:39:00,0,normal
TX_1986,U_NORM_180,U_NORM_185,463.54,2026-01-08 03:40:00,0,normal
TX_1134,U_NORM_822,U_NORM_811,469.87,2026-01-08 04:05:00,0,normal
TX_2449,U_NORM_52,U_NORM_81,215.91,2026-01-08 04:07:00,0,normal
TX_16,U_NORM_423,U_NORM_18,642.25,2026-01-08 04:11:00,0,normal
TX_86,U_NORM_187,U_NORM_82,271.02,2026-01-08 04:18:00,0,normal
TX_852,U_NORM_205,U_NORM_354,394.44,2026-01-08 04:19:00,0,normal
TX_6591,U_NORM_770,U_COLL_28,9562.6,2026-01-08 04:24:00,1,collector_inflow
TX_6579,U_NORM_714,U_COLL_28,7116.58,2026-01-08 04:28:00,1,collector_inflow
TX_4277,U_NORM_691,U_NORM_653,106.98,2026-01-08 04:32:00,0,normal
TX_526,U_NORM_384,U_NORM_224,55.51,2026-01-08 04:42:00,0,normal
TX_4597,U_NORM_862,U_NORM_700,706.15,2026-01-08 04:44:00,0,normal
TX_1302,U_NORM_229,U_NORM_6,170.57,2026-01-08 04:51:00,0,normal
TX_2865,U_NORM_845,U_NORM_566,16.2,2026-01-08 05:08:00,0,normal
TX_212,U_NORM_482,U_NORM_645,727.66,2026-01-08 05:19:00,0,normal
TX_1323,U_NORM_892,U_NORM_704,16.1,2026-01-08 05:25:00,0,normal
TX_1242,U_NORM_414,U_NORM_424,652.28,2026-01-08 05:31:00,0,normal
TX_2969,U_NORM_364,U_NORM_241,617.62,2026-01-08 05:40:00,0,normal
TX_3305,U_NORM_417,U_NORM_375,170.88,2026-01-08 05:46:00,0,normal
TX_5233,U_CRIM_11,U_NORM_525,1610.6,2026-01-08 06:11:00,1,criminal_outflow
TX_3229,U_NORM_47,U_NORM_78,149.39,2026-01-08 06:13:00,0,normal
TX_5767,U_CRIM_38,U_NORM_589,1483.61,2026-01-08 06:18:00,1,criminal_outflow
TX_1736,U_NORM_299,U_NORM_72,381.94,2026-01-08 06:21:00,0,normal
TX_6403,U_NORM_104,U_COLL_19,7523.74,2026-01-08 06:22:00,1,collector_inflow
TX_2741,U_NORM_867,U_NORM_769,470.64,2026-01-08 06:23:00,0,normal
TX_1137,U_NORM_25,U_NORM_215,440.88,2026-01-08 06:25:00,0,normal
TX_3883,U_NORM_755,U_NORM_729,393.58,2026-01-08 06:29:00,0,normal
TX_6365,U_NORM_467,U_COLL_18,8839.47,2026-01-08 06:34:00,1,collector_inflow
TX_6686,U_NORM_537,U_COLL_33,7310.26,2026-01-08 06:40:00,1,collector_inflow
TX_6321,U_NORM_745,U_COLL_15,9802.28,2026-01-08 06:55:00,1,collector_inflow
TX_4582,U_NORM_877,U_NORM_625,267.85,2026-01-08 07:00:00,0,normal
TX_5231,U_CRIM_11,U_NORM_224,1777.91,2026-01-08 07:02:00,1,criminal_outflow
TX_6349,U_NORM_647,U_COLL_17,6399.34,2026-01-08 07:03:00,1,collector_inflow
TX_4313,U_NORM_880,U_NORM_659,154.42,2026-01-08 07:05:00,0,normal
TX_6517,U_NORM_301,U_COLL_25,6225.85,2026-01-08 07:07:00,1,collector_inflow
TX_819,U_NORM_87,U_NORM_278,46.4,2026-01-08 07:09:00,0,normal
TX_1773,U_NORM_143,U_NORM_425,562.18,2026-01-08 07:18:00,0,normal
TX_7061,U_NORM_389,U_NORM_793,27.72,2026-01-08 07:23:00,0,bridge
TX_142,U_NORM_294,U_NORM_238,782.25,2026-01-08 07:25:00,0,normal
TX_722,U_NORM_560,U_NORM_624,593.46,2026-01-08 07:33:00,0,normal
TX_3352,U_NORM_429,U_NORM_315,23.09,2026-01-08 07:38:00,0,normal
TX_4820,U_NORM_599,U_NORM_709,431.78,2026-01-08 07:39:00,0,normal
TX_1107,U_NORM_106,U_NORM_237,368.2,2026-01-08 07:39:00,0,normal
TX_1444,U_NORM_530,U_NORM_639,782.57,2026-01-08 07:41:00,0,normal
TX_2860,U_NORM_224,U_NORM_90,583.27,2026-01-08 07:43:00,0,normal
TX_5258,U_CRIM_13,U_NORM_11,716.47,2026-01-08 07:48:00,1,criminal_outflow
TX_4737,U_NORM_428,U_NORM_47,787.74,2026-01-08 07:57:00,0,normal
TX_1321,U_NORM_293,U_NORM_2,568.2,2026-01-08 08:08:00,0,normal
TX_1811,U_NORM_307,U_NORM_378,579.58,2026-01-08 08:14:00,0,normal
TX_5099,U_CRIM_5,U_NORM_441,1620.88,2026-01-08 08:18:00,1,criminal_outflow
TX_112,U_NORM_477,U_NORM_768,443.85,2026-01-08 08:28:00,0,normal
TX_5240,U_CRIM_12,U_NORM_745,1119.41,2026-01-08 08:31:00,1,criminal_outflow
TX_3214,U_NORM_496,U_NORM_482,241.84,2026-01-08 08:38:00,0,normal
TX_399,U_NORM_756,U_NORM_630,429.6,2026-01-08 08:42:00,0,normal
TX_5999,U_NORM_553,U_COLL_0,5941.47,2026-01-08 08:56:00,1,collector_inflow
TX_5050,U_CRIM_2,U_NORM_74,815.55,2026-01-08 08:58:00,1,criminal_outflow
TX_2803,U_NORM_393,U_NORM_167,400.82,2026-01-08 09:18:00,0,normal
TX_4452,U_NORM_2,U_NORM_172,308.84,2026-01-08 09:26:00,0,normal
TX_5271,U_CRIM_14,U_NORM_634,698.44,2026-01-08 09:43:00,1,criminal_outflow
TX_2673,U_NORM_538,U_NORM_454,253.95,2026-01-08 09:45:00,0,normal
TX_3845,U_NORM_184,U_NORM_15,345.04,2026-01-08 09:47:00,0,normal
TX_3494,U_NORM_140,U_NORM_387,681.51,2026-01-08 10:03:00,0,normal
TX_5720,U_CRIM_35,U_NORM_37,1682.47,2026-01-08 10:03:00,1,criminal_outflow
TX_3083,U_NORM_580,U_NORM_792,761.76,2026-01-08 10:03:00,0,normal
TX_6470,U_NORM_363,U_COLL_22,6277.54,2026-01-08 10:08:00,1,collector_inflow
TX_3653,U_NORM_618,U_NORM_759,690.43,2026-01-08 10:19:00,0,normal
TX_5199,U_CRIM_10,U_NORM_800,1037.63,2026-01-08 10:21:00,1,criminal_outflow
TX_2697,U_NORM_474,U_NORM_575,182.53,2026-01-08 10:22:00,0,normal
TX_2864,U_NORM_603,U_NORM_559,649.0,2026-01-08 10:30:00,0,normal
TX_1706,U_NORM_158,U_NORM_75,18.78,2026-01-08 10:39:00,0,normal
TX_3831,U_NORM_186,U_NORM_407,412.31,2026-01-08 10:49:00,0,normal
TX_5040,U_CRIM_2,U_NORM_774,1127.67,2026-01-08 10:56:00,1,criminal_outflow
TX_6745,U_NORM_97,U_COLL_37,5147.43,2026-01-08 10:58:00,1,collector_inflow
TX_653,U_NORM_389,U_NORM_275,100.04,2026-01-08 11:01:00,0,normal
TX_3738,U_NORM_758,U_NORM_657,637.46,2026-01-08 11:12:00,0,normal
TX_2576,U_NORM_33,U_NORM_22,292.41,2026-01-08 11:21:00,0,normal
TX_5512,U_CRIM_25,U_NORM_847,1992.24,2026-01-08 11:26:00,1,criminal_outflow
TX_1752,U_NORM_855,U_NORM_474,774.96,2026-01-08 11:48:00,0,normal
TX_6546,U_NORM_310,U_COLL_26,5989.31,2026-01-08 11:54:00,1,collector_inflow
TX_2664,U_NORM_895,U_NORM_877,745.51,2026-01-08 11:55:00,0,normal
TX_2290,U_NORM_888,U_NORM_666,642.68,2026-01-08 12:01:00,0,normal
TX_6620,U_NORM_195,U_COLL_30,6622.01,2026-01-08 12:10:00,1,collector_inflow
TX_5852,U_CRIM_42,U_NORM_820,1765.21,2026-01-08 12:20:00,1,criminal_outflow
TX_1916,U_NORM_553,U_NORM_849,104.17,2026-01-08 12:36:00,0,normal
TX_2748,U_NORM_27,U_NORM_285,248.79,2026-01-08 12:41:00,0,normal
TX_4257,U_NORM_521,U_NORM_787,567.6,2026-01-08 12:44:00,0,normal
TX_483,U_NORM_719,U_NORM_636,417.83,2026-01-08 12:45:00,0,normal
TX_4964,U_NORM_148,U_NORM_161,85.97,2026-01-08 12:48:00,0,normal
TX_827,U_NORM_482,U_NORM_550,112.95,2026-01-08 12:51:00,0,normal
TX_5080,U_CRIM_4,U_NORM_725,1810.54,2026-01-08 13:05:00,1,criminal_outflow
TX_1145,U_NORM_365,U_NORM_309,663.78,2026-01-08 13:07:00,0,normal
TX_443,U_NORM_253,U_NORM_251,706.33,2026-01-08 13:08:00,0,normal
TX_3938,U_NORM_631,U_NORM_701,105.53,2026-01-08 13:11:00,0,normal
TX_1911,U_NORM_113,U_NORM_434,576.23,2026-01-08 13:15:00,0,normal
TX_213,U_NORM_535,U_NORM_511,735.83,2026-01-08 13:15:00,0,normal
TX_6799,U_NORM_414,U_COLL_40,7143.16,2026-01-08 13:17:00,1,collector_inflow
TX_844,U_NORM_153,U_NORM_181,690.11,2026-01-08 13:17:00,0,normal
TX_1348,U_NORM_823,U_NORM_752,526.87,2026-01-08 13:20:00,0,normal
TX_4612,U_NORM_318,U_NORM_204,240.84,2026-01-08 13:20:00,0,normal
TX_547,U_NORM_354,U_NORM_349,497.71,2026-01-08 13:34:00,0,normal
TX_4567,U_NORM_578,U_NORM_853,495.84,2026-01-08 13:36:00,0,normal
TX_4311,U_NORM_317,U_NORM_389,433.84,2026-01-08 13:40:00,0,normal
TX_2360,U_NORM_425,U_NORM_400,276.05,2026-01-08 13:41:00,0,normal
TX_921,U_NORM_609,U_NORM_759,713.68,2026-01-08 13:42:00,0,normal
TX_6125,U_NORM_838,U_COLL_6,8742.2,2026-01-08 13:57:00,1,collector_inflow
TX_2638,U_NORM_522,U_NORM_604,137.95,2026-01-08 14:02:00,0,normal
TX_555,U_NORM_498,U_NORM_671,116.35,2026-01-08 14:11:00,0,normal
TX_3456,U_NORM_827,U_NORM_787,61.38,2026-01-08 14:22:00,0,normal
TX_5341,U_CRIM_17,U_NORM_565,1218.06,2026-01-08 14:26:00,1,criminal_outflow
TX_3937,U_NORM_206,U_NORM_289,228.91,2026-01-08 14:34:00,0,normal
TX_574,U_NORM_471,U_NORM_693,19.34,2026-01-08 14:37:00,0,normal
TX_3832,U_NORM_503,U_NORM_733,108.57,2026-01-08 14:39:00,0,normal
TX_2612,U_NORM_261,U_NORM_422,580.22,2026-01-08 14:44:00,0,normal
TX_3418,U_NORM_309,U_NORM_0,119.2,2026-01-08 14:50:00,0,normal
TX_5753,U_CRIM_37,U_NORM_385,1448.7,2026-01-08 14:54:00,1,criminal_outflow
TX_5152,U_CRIM_7,U_NORM_395,1137.72,2026-01-08 14:55:00,1,criminal_outflow
TX_1950,U_NORM_299,U_NORM_432,379.27,2026-01-08 15:06:00,0,normal
TX_3840,U_NORM_467,U_NORM_719,196.22,2026-01-08 15:08:00,0,normal
TX_5280,U_CRIM_14,U_NORM_693,1685.76,2026-01-08 15:11:00,1,criminal_outflow
TX_1804,U_NORM_694,U_NORM_635,637.91,2026-01-08 15:18:00,0,normal
TX_4310,U_NORM_159,U_NORM_432,502.65,2026-01-08 15:28:00,0,normal
TX_5702,U_CRIM_35,U_NORM_445,1082.9,2026-01-08 15:40:00,1,criminal_outflow
TX_3184,U_NORM_354,U_NORM_283,653.55,2026-01-08 15:48:00,0,normal
TX_1327,U_NORM_200,U_NORM_147,304.01,2026-01-08 15:51:00,0,normal
TX_3711,U_NORM_62,U_NORM_329,789.93,2026-01-08 16:08:00,0,normal
TX_2272,U_NORM_494,U_NORM_491,675.97,2026-01-08 16:14:00,0,normal
TX_2652,U_NORM_22,U_NORM_185,390.44,2026-01-08 16:16:00,0,normal
TX_6260,U_NORM_685,U_COLL_11,6338.35,2026-01-08 16:27:00,1,collector_inflow
TX_3470,U_NORM_204,U_NORM_155,659.93,2026-01-08 16:44:00,0,normal
TX_6496,U_NORM_637,U_COLL_24,6307.4,2026-01-08 17:04:00,1,collector_inflow
TX_3481,U_NORM_630,U_NORM_835,775.28,2026-01-08 17:07:00,0,normal
TX_6347,U_NORM_4,U_COLL_17,7103.0,2026-01-08 17:12:00,1,collector_inflow
TX_3732,U_NORM_243,U_NORM_213,151.98,2026-01-08 17:18:00,0,normal
TX_2942,U_NORM_592,U_NORM_585,590.11,2026-01-08 17:19:00,0,normal
TX_4863,U_NORM_130,U_NORM_149,336.16,2026-01-08 17:21:00,0,normal
TX_2908,U_NORM_593,U_NORM_753,262.58,2026-01-08 17:24:00,0,normal
TX_6121,U_NORM_845,U_COLL_6,6671.31,2026-01-08 17:25:00,1,collector_inflow
TX_3098,U_NORM_501,U_NORM_690,303.85,2026-01-08 17:27:00,0,normal
TX_1162,U_NORM_518,U_NORM_730,757.78,2026-01-08 17:35:00,0,normal
TX_499,U_NORM_874,U_NORM_772,275.33,2026-01-08 17:46:00,0,normal
TX_3020,U_NORM_890,U_NORM_816,551.87,2026-01-08 17:47:00,0,normal
TX_944,U_NORM_256,U_NORM_414,629.12,2026-01-08 18:09:00,0,normal
TX_1555,U_NORM_495,U_NORM_675,73.75,2026-01-08 18:10:00,0,normal
TX_3096,U_NORM_891,U_NORM_754,446.9,2026-01-08 18:14:00,0,normal
TX_5623,U_CRIM_31,U_NORM_554,735.19,2026-01-08 18:38:00,1,criminal_outflow
TX_3597,U_NORM_395,U_NORM_211,614.31,2026-01-08 18:47:00,0,normal
TX_134,U_NORM_695,U_NORM_837,687.02,2026-01-08 18:48:00,0,normal
TX_6040,U_NORM_827,U_COLL_2,9440.71,2026-01-08 19:04:00,1,collector_inflow
TX_2149,U_NORM_796,U_NORM_869,280.72,2026-01-08 19:06:00,0,normal
TX_730,U_NORM_848,U_NORM_771,121.86,2026-01-08 19:06:00,0,normal
TX_6280,U_NORM_602,U_COLL_12,6228.2,2026-01-08 19:17:00,1,collector_inflow
TX_2544,U_NORM_35,U_NORM_287,685.05,2026-01-08 19:20:00,0,normal
TX_5667,U_CRIM_33,U_NORM_163,1762.47,2026-01-08 19:38:00,1,criminal_outflow
TX_5632,U_CRIM_31,U_NORM_587,1301.96,2026-01-08 19:41:00,1,criminal_outflow
TX_4435,U_NORM_59,U_NORM_187,70.76,2026-01-08 20:02:00,0,normal
TX_1512,U_NORM_595,U_NORM_649,638.78,2026-01-08 20:11:00,0,normal
TX_3999,U_NORM_390,U_NORM_236,370.07,2026-01-08 20:12:00,0,normal
TX_2301,U_NORM_111,U_NORM_361,196.41,2026-01-08 20:15:00,0,normal
TX_1856,U_NORM_16,U_NORM_301,688.32,2026-01-08 20:18:00,0,normal
TX_1882,U_NORM_482,U_NORM_681,315.99,2026-01-08 20:18:00,0,normal
TX_5643,U_CRIM_32,U_NORM_518,1947.46,2026-01-08 20:26:00,1,criminal_outflow
TX_5553,U_CRIM_28,U_NORM_323,1082.25,2026-01-08 20:29:00,1,criminal_outflow
TX_7041,U_NORM_51,U_COLL_49,7618.65,2026-01-08 20:42:00,1,collector_inflow
TX_4084,U_NORM_251,U_NORM_431,138.81,2026-01-08 20:49:00,0,normal
TX_4191,U_NORM_297,U_NORM_52,137.13,2026-01-08 20:51:00,0,normal
TX_354,U_NORM_830,U_NORM_459,593.88,2026-01-08 21:15:00,0,normal
TX_3415,U_NORM_655,U_NORM_477,109.41,2026-01-08 21:18:00,0,normal
TX_259,U_NORM_163,U_NORM_148,773.37,2026-01-08 21:21:00,0,normal
TX_3287,U_NORM_145,U_NORM_33,179.7,2026-01-08 21:32:00,0,normal
TX_398,U_NORM_449,U_NORM_63,405.12,2026-01-08 21:49:00,0,normal
TX_1631,U_NORM_829,U_NORM_594,446.66,2026-01-08 21:58:00,0,normal
TX_406,U_NORM_645,U_NORM_604,722.36,2026-01-08 22:03:00,0,normal
TX_299,U_NORM_138,U_NORM_380,603.58,2026-01-08 22:21:00,0,normal
TX_436,U_NORM_866,U_NORM_890,745.22,2026-01-08 22:30:00,0,normal
TX_2381,U_NORM_689,U_NORM_623,626.67,2026-01-08 22:37:00,0,normal
TX_1124,U_NORM_636,U_NORM_871,133.58,2026-01-08 22:38:00,0,normal
TX_2619,U_NORM_199,U_NORM_409,561.3,2026-01-08 22:52:00,0,normal
TX_3671,U_NORM_542,U_NORM_745,400.79,2026-01-08 22:54:00,0,normal
TX_963,U_NORM_395,U_NORM_78,705.77,2026-01-08 22:57:00,0,normal
TX_430,U_NORM_226,U_NORM_213,759.84,2026-01-08 23:13:00,0,normal
TX_2995,U_NORM_20,U_NORM_58,119.67,2026-01-08 23:15:00,0,normal
TX_155,U_NORM_716,U_NORM_504,512.93,2026-01-08 23:29:00,0,normal
TX_4756,U_NORM_721,U_NORM_649,386.66,2026-01-08 23:30:00,0,normal
TX_4931,U_NORM_148,U_NORM_245,460.18,2026-01-08 23:36:00,0,normal
TX_1247,U_NORM_449,U_NORM_134,181.07,2026-01-08 23:47:00,0,normal
TX_4249,U_NORM_827,U_NORM_741,614.43,2026-01-08 23:48:00,0,normal
TX_4320,U_NORM_342,U_NORM_409,502.18,2026-01-08 23:53:00,0,normal
TX_1691,U_NORM_67,U_NORM_92,216.49,2026-01-09 00:00:00,0,normal
TX_350,U_NORM_849,U_NORM_654,53.57,2026-01-09 00:00:00,0,normal
TX_1118,U_NORM_452,U_NORM_803,723.69,2026-01-09 00:08:00,0,normal
TX_6534,U_NORM_333,U_COLL_25,7796.74,2026-01-09 00:22:00,1,collector_inflow
TX_1336,U_NORM_758,U_NORM_509,50.25,2026-01-09 00:56:00,0,normal
TX_3962,U_NORM_322,U_NORM_226,345.49,2026-01-09 00:58:00,0,normal
TX_131,U_NORM_569,U_NORM_813,720.8,2026-01-09 01:00:00,0,normal
TX_5907,U_CRIM_45,U_NORM_761,1554.1,2026-01-09 01:01:00,1,criminal_outflow
TX_5449,U_CRIM_23,U_NORM_616,1737.49,2026-01-09 01:43:00,1,criminal_outflow
TX_3608,U_NORM_639,U_NORM_683,291.72,2026-01-09 01:45:00,0,normal
TX_3324,U_NORM_222,U_NORM_448,669.51,2026-01-09 01:54:00,0,normal
TX_4193,U_NORM_547,U_NORM_473,629.18,2026-01-09 02:01:00,0,normal
TX_5217,U_CRIM_10,U_NORM_342,1775.57,2026-01-09 02:01:00,1,criminal_outflow
TX_6991,U_NORM_234,U_COLL_47,7511.39,2026-01-09 02:19:00,1,collector_inflow
TX_4527,U_NORM_182,U_NORM_164,286.24,2026-01-09 02:21:00,0,normal
TX_3621,U_NORM_876,U_NORM_586,469.21,2026-01-09 02:22:00,0,normal
TX_4297,U_NORM_742,U_NORM_807,589.99,2026-01-09 02:24:00,0,normal
TX_4915,U_NORM_639,U_NORM_609,196.85,2026-01-09 02:25:00,0,normal
TX_739,U_NORM_307,U_NORM_318,345.87,2026-01-09 02:36:00,0,normal
TX_5504,U_CRIM_25,U_NORM_367,1005.83,2026-01-09 02:36:00,1,criminal_outflow
TX_3673,U_NORM_212,U_NORM_162,340.21,2026-01-09 02:39:00,0,normal
TX_925,U_NORM_785,U_NORM_752,225.99,2026-01-09 02:47:00,0,normal
TX_3928,U_NORM_789,U_NORM_594,597.3,2026-01-09 03:06:00,0,normal
TX_3913,U_NORM_228,U_NORM_158,154.33,2026-01-09 03:08:00,0,normal
TX_5041,U_CRIM_2,U_NORM_329,1718.0,2026-01-09 03:11:00,1,criminal_outflow
TX_741,U_NORM_163,U_NORM_394,62.13,2026-01-09 03:12:00,0,normal
TX_2734,U_NORM_239,U_NORM_244,608.96,2026-01-09 03:17:00,0,normal
TX_339,U_NORM_473,U_NORM_612,739.9,2026-01-09 03:18:00,0,normal
TX_2608,U_NORM_205,U_NORM_350,104.14,2026-01-09 03:29:00,0,normal
TX_4005,U_NORM_122,U_NORM_369,738.71,2026-01-09 03:30:00,0,normal
TX_6143,U_NORM_425,U_COLL_6,7999.32,2026-01-09 03:37:00,1,collector_inflow
TX_4843,U_NORM_696,U_NORM_630,673.66,2026-01-09 03:43:00,0,normal
TX_1546,U_NORM_36,U_NORM_20,464.76,2026-01-09 03:45:00,0,normal
TX_715,U_NORM_110,U_NORM_232,258.01,2026-01-09 03:48:00,0,normal
TX_1208,U_NORM_135,U_NORM_179,223.6,2026-01-09 03:49:00,0,normal
TX_808,U_NORM_831,U_NORM_845,212.79,2026-01-09 03:50:00,0,normal
TX_4036,U_NORM_783,U_NORM_712,105.43,2026-01-09 04:05:00,0,normal
TX_2438,U_NORM_638,U_NORM_804,539.16,2026-01-09 04:09:00,0,normal
TX_2138,U_NORM_444,U_NORM_245,409.01,2026-01-09 04:20:00,0,normal
TX_1084,U_NORM_609,U_NORM_479,250.83,2026-01-09 04:21:00,0,normal
TX_2220,U_NORM_722,U_NORM_600,180.39,2026-01-09 05:08:00,0,normal
TX_2863,U_NORM_346,U_NORM_157,115.82,2026-01-09 05:14:00,0,normal
TX_1010,U_NORM_711,U_NORM_547,111.43,2026-01-09 05:23:00,0,normal
TX_5502,U_CRIM_25,U_NORM_892,767.38,2026-01-09 05:26:00,1,criminal_outflow
TX_2933,U_NORM_579,U_NORM_620,261.74,2026-01-09 05:27:00,0,normal
TX_3633,U_NORM_750,U_NORM_489,396.1,2026-01-09 05:32:00,0,normal
TX_2532,U_NORM_751,U_NORM_498,462.87,2026-01-09 05:41:00,0,normal
TX_6524,U_NORM_37,U_COLL_25,5551.67,2026-01-09 05:45:00,1,collector_inflow
TX_5694,U_CRIM_35,U_NORM_18,657.14,2026-01-09 05:45:00,1,criminal_outflow
TX_1341,U_NORM_109,U_NORM_77,407.06,2026-01-09 05:47:00,0,normal
TX_2756,U_NORM_747,U_NORM_772,475.75,2026-01-09 05:47:00,0,normal
TX_1447,U_NORM_757,U_NORM_575,279.79,2026-01-09 05:59:00,0,normal
TX_802,U_NORM_364,U_NORM_178,218.16,2026-01-09 06:08:00,0,normal
TX_6210,U_NORM_408,U_COLL_9,8832.12,2026-01-09 06:12:00,1,collector_inflow
TX_2725,U_NORM_168,U_NORM_31,420.7,2026-01-09 06:16:00,0,normal
TX_3373,U_NORM_229,U_NORM_56,294.01,2026-01-09 06:20:00,0,normal
TX_4739,U_NORM_402,U_NORM_220,514.52,2026-01-09 06:34:00,0,normal
TX_6725,U_NORM_576,U_COLL_36,6001.4,2026-01-09 06:35:00,1,collector_inflow
TX_3835,U_NORM_445,U_NORM_407,345.0,2026-01-09 06:47:00,0,normal
TX_6718,U_NORM_80,U_COLL_36,7510.47,2026-01-09 06:52:00,1,collector_inflow
TX_3320,U_NORM_652,U_NORM_450,508.5,2026-01-09 07:01:00,0,normal
TX_2135,U_NORM_524,U_NORM_514,682.65,2026-01-09 07:27:00,0,normal
TX_3360,U_NORM_241,U_NORM_399,305.65,2026-01-09 07:28:00,0,normal
TX_5665,U_CRIM_33,U_NORM_391,1783.23,2026-01-09 07:29:00,1,criminal_outflow
TX_1352,U_NORM_703,U_NORM_519,308.83,2026-01-09 07:33:00,0,normal
TX_6969,U_NORM_402,U_COLL_46,9396.12,2026-01-09 07:34:00,1,collector_inflow
TX_77,U_NORM_781,U_NORM_844,342.88,2026-01-09 07:37:00,0,normal
TX_727,U_NORM_386,U_NORM_334,231.63,2026-01-09 07:48:00,0,normal
TX_6283,U_NORM_884,U_COLL_12,6844.42,2026-01-09 08:00:00,1,collector_inflow
TX_7024,U_NORM_306,U_COLL_49,5971.66,2026-01-09 08:00:00,1,collector_inflow
TX_6088,U_NORM_505,U_COLL_4,5712.55,2026-01-09 08:24:00,1,collector_inflow
TX_3157,U_NORM_550,U_NORM_493,84.39,2026-01-09 08:26:00,0,normal
TX_3263,U_NORM_321,U_NORM_298,73.16,2026-01-09 08:30:00,0,normal
TX_1588,U_NORM_257,U_NORM_411,595.59,2026-01-09 08:34:00,0,normal
TX_665,U_NORM_434,U_NORM_218,102.85,2026-01-09 08:35:00,0,normal
TX_3916,U_NORM_743,U_NORM_543,713.34,2026-01-09 08:35:00,0,normal
TX_3176,U_NORM_791,U_NORM_477,247.21,2026-01-09 08:38:00,0,normal
TX_6953,U_NORM_347,U_COLL_46,7340.73,2026-01-09 08:46:00,1,collector_inflow
TX_610,U_NORM_318,U_NORM_293,190.86,2026-01-09 08:55:00,0,normal
TX_6455,U_NORM_599,U_COLL_22,7234.47,2026-01-09 08:55:00,1,collector_inflow
TX_4412,U_NORM_21,U_NORM_74,699.97,2026-01-09 08:55:00,0,normal
TX_234,U_NORM_106,U_NORM_282,571.29,2026-01-09 09:08:00,0,normal
TX_1800,U_NORM_463,U_NORM_768,584.43,2026-01-09 09:10:00,0,normal
TX_5859,U_CRIM_43,U_NORM_482,549.37,2026-01-09 09:24:00,1,criminal_outflow
TX_1279,U_NORM_786,U_NORM_471,85.01,2026-01-09 09:34:00,0,normal
TX_1278,U_NORM_445,U_NORM_392,135.73,2026-01-09 09:36:00,0,normal
TX_467,U_NORM_339,U_NORM_390,243.82,2026-01-09 09:41:00,0,normal
TX_1143,U_NORM_10,U_NORM_414,48.29,2026-01-09 09:44:00,0,normal
TX_3985,U_NORM_319,U_NORM_175,452.05,2026-01-09 09:48:00,0,normal
TX_1123,U_NORM_52,U_NORM_12,351.99,2026-01-09 09:53:00,0,normal
TX_1956,U_NORM_145,U_NORM_186,512.88,2026-01-09 09:54:00,0,normal
TX_5949,U_CRIM_47,U_NORM_685,1041.8,2026-01-09 09:55:00,1,criminal_outflow
TX_529,U_NORM_453,U_NORM_530,133.08,2026-01-09 09:57:00,0,normal
TX_2256,U_NORM_557,U_NORM_871,792.26,2026-01-09 10:01:00,0,normal
TX_1163,U_NORM_334,U_NORM_143,329.95,2026-01-09 10:02:00,0,normal
TX_3995,U_NORM_6,U_NORM_403,187.63,2026-01-09 10:04:00,0,normal
TX_581,U_NORM_823,U_NORM_634,506.63,2026-01-09 10:09:00,0,normal
TX_875,U_NORM_304,U_NORM_42,643.05,2026-01-09 10:10:00,0,normal
TX_476,U_NORM_86,U_NORM_367,626.01,2026-01-09 10:14:00,0,normal
TX_6807,U_NORM_846,U_COLL_40,5287.89,2026-01-09 10:22:00,1,collector_inflow
TX_2972,U_NORM_604,U_NORM_613,198.71,2026-01-09 10:29:00,0,normal
TX_4849,U_NORM_71,U_NORM_427,119.98,2026-01-09 10:33:00,0,normal
TX_2025,U_NORM_869,U_NORM_501,695.94,2026-01-09 10:33:00,0,normal
TX_6263,U_NORM_694,U_COLL_12,9040.93,2026-01-09 10:33:00,1,collector_inflow
TX_6553,U_NORM_145,U_COLL_26,7806.28,2026-01-09 10:36:00,1,collector_inflow
TX_6293,U_NORM_59,U_COLL_13,9948.1,2026-01-09 10:47:00,1,collector_inflow
TX_3603,U_NORM_840,U_NORM_797,205.97,2026-01-09 10:48:00,0,normal
TX_6630,U_NORM_800,U_COLL_31,8546.01,2026-01-09 10:51:00,1,collector_inflow
TX_772,U_NORM_692,U_NORM_895,539.85,2026-01-09 10:51:00,0,normal
TX_3457,U_NORM_890,U_NORM_760,478.64,2026-01-09 10:58:00,0,normal
TX_1074,U_NORM_840,U_NORM_806,64.25,2026-01-09 11:01:00,0,normal
TX_239,U_NORM_209,U_NORM_33,47.76,2026-01-09 11:02:00,0,normal
TX_3921,U_NORM_716,U_NORM_693,470.28,2026-01-09 11:06:00,0,normal
TX_5604,U_CRIM_30,U_NORM_600,1703.53,2026-01-09 11:15:00,1,criminal_outflow
TX_3376,U_NORM_483,U_NORM_773,479.41,2026-01-09 11:17:00,0,normal
TX_6604,U_NORM_665,U_COLL_29,7296.69,2026-01-09 11:19:00,1,collector_inflow
TX_6418,U_NORM_814,U_COLL_20,5364.41,2026-01-09 11:25:00,1,collector_inflow
TX_2268,U_NORM_350,U_NORM_315,386.66,2026-01-09 11:44:00,0,normal
TX_3833,U_NORM_61,U_NORM_203,652.6,2026-01-09 11:49:00,0,normal
TX_816,U_NORM_354,U_NORM_139,183.9,2026-01-09 11:57:00,0,normal
TX_552,U_NORM_529,U_NORM_507,771.02,2026-01-09 12:00:00,0,normal
TX_1630,U_NORM_70,U_NORM_225,33.58,2026-01-09 12:08:00,0,normal
TX_140,U_NORM_831,U_NORM_856,28.25,2026-01-09 12:08:00,0,normal
TX_6978,U_NORM_409,U_COLL_47,8685.37,2026-01-09 12:09:00,1,collector_inflow
TX_1590,U_NORM_280,U_NORM_52,496.01,2026-01-09 12:11:00,0,normal
TX_5835,U_CRIM_42,U_NORM_831,521.75,2026-01-09 12:16:00,1,criminal_outflow
TX_5766,U_CRIM_38,U_NORM_489,1762.33,2026-01-09 12:20:00,1,criminal_outflow
TX_811,U_NORM_417,U_NORM_149,740.54,2026-01-09 12:30:00,0,normal
TX_662,U_NORM_405,U_NORM_422,390.32,2026-01-09 12:31:00,0,normal
TX_5802,U_CRIM_40,U_NORM_261,1372.35,2026-01-09 12:33:00,1,criminal_outflow
TX_161,U_NORM_303,U_NORM_17,605.62,2026-01-09 12:43:00,0,normal
TX_3968,U_NORM_134,U_NORM_203,189.21,2026-01-09 12:47:00,0,normal
TX_3259,U_NORM_445,U_NORM_339,661.46,2026-01-09 12:50:00,0,normal
TX_6259,U_NORM_866,U_COLL_11,6888.13,2026-01-09 12:51:00,1,collector_inflow
TX_6110,U_NORM_32,U_COLL_5,5946.42,2026-01-09 12:54:00,1,collector_inflow
TX_4851,U_NORM_45,U_NORM_221,487.42,2026-01-09 12:58:00,0,normal
TX_6869,U_NORM_815,U_COLL_43,5696.96,2026-01-09 12:59:00,1,collector_inflow
TX_1891,U_NORM_401,U_NORM_442,645.63,2026-01-09 13:00:00,0,normal
TX_5321,U_CRIM_16,U_NORM_147,720.45,2026-01-09 13:01:00,1,criminal_outflow
TX_1439,U_NORM_513,U_NORM_898,48.94,2026-01-09 13:07:00,0,normal
TX_789,U_NORM_855,U_NORM_450,561.59,2026-01-09 13:08:00,0,normal
TX_6101,U_NORM_457,U_COLL_4,7024.25,2026-01-09 13:12:00,1,collector_inflow
TX_3309,U_NORM_31,U_NORM_152,122.51,2026-01-09 13:21:00,0,normal
TX_5432,U_CRIM_22,U_NORM_231,1361.48,2026-01-09 13:33:00,1,criminal_outflow
TX_6571,U_NORM_760,U_COLL_27,9599.48,2026-01-09 13:33:00,1,collector_inflow
TX_4198,U_NORM_891,U_NORM_657,100.96,2026-01-09 13:34:00,0,normal
TX_5729,U_CRIM_36,U_NORM_93,1126.66,2026-01-09 13:35:00,1,criminal_outflow
TX_5380,U_CRIM_19,U_NORM_371,1005.39,2026-01-09 13:36:00,1,criminal_outflow
TX_3737,U_NORM_205,U_NORM_76,799.07,2026-01-09 13:48:00,0,normal
TX_3764,U_NORM_57,U_NORM_16,610.18,2026-01-09 13:55:00,0,normal
TX_3996,U_NORM_126,U_NORM_285,250.29,2026-01-09 13:55:00,0,normal
TX_5607,U_CRIM_30,U_NORM_517,1999.71,2026-01-09 14:04:00,1,criminal_outflow
TX_5800,U_CRIM_40,U_NORM_427,602.43,2026-01-09 14:06:00,1,criminal_outflow
TX_1576,U_NORM_201,U_NORM_70,370.99,2026-01-09 14:07:00,0,normal
TX_2639,U_NORM_435,U_NORM_89,45.69,2026-01-09 14:10:00,0,normal
TX_2929,U_NORM_836,U_NORM_639,22.86,2026-01-09 14:36:00,0,normal
TX_3035,U_NORM_792,U_NORM_741,788.78,2026-01-09 14:36:00,0,normal
TX_1304,U_NORM_717,U_NORM_506,544.2,2026-01-09 14:43:00,0,normal
TX_2024,U_NORM_260,U_NORM_254,228.97,2026-01-09 15:09:00,0,normal
TX_1534,U_NORM_290,U_NORM_342,422.28,2026-01-09 15:12:00,0,normal
TX_620,U_NORM_216,U_NORM_402,626.66,2026-01-09 15:20:00,0,normal
TX_500,U_NORM_804,U_NORM_820,531.2,2026-01-09 15:22:00,0,normal
TX_6823,U_NORM_761,U_COLL_40,6571.12,2026-01-09 15:26:00,1,collector_inflow
TX_2953,U_NORM_193,U_NORM_63,255.54,2026-01-09 15:35:00,0,normal
TX_3868,U_NORM_334,U_NORM_195,190.73,2026-01-09 15:48:00,0,normal
TX_2299,U_NORM_528,U_NORM_474,37.85,2026-01-09 15:49:00,0,normal
TX_4365,U_NORM_427,U_NORM_15,791.63,2026-01-09 15:57:00,0,normal
TX_4943,U_NORM_497,U_NORM_651,538.64,2026-01-09 15:58:00,0,normal
TX_3316,U_NORM_124,U_NORM_59,523.41,2026-01-09 15:58:00,0,normal
TX_1814,U_NORM_777,U_NORM_746,314.04,2026-01-09 15:59:00,0,normal
TX_266,U_NORM_10,U_NORM_231,716.3,2026-01-09 16:00:00,0,normal
TX_3853,U_NORM_305,U_NORM_214,213.28,2026-01-09 16:01:00,0,normal
TX_1648,U_NORM_416,U_NORM_360,116.63,2026-01-09 16:01:00,0,normal
TX_1562,U_NORM_52,U_NORM_30,566.9,2026-01-09 16:08:00,0,normal
TX_977,U_NORM_396,U_NORM_53,190.17,2026-01-09 16:10:00,0,normal
TX_1229,U_NORM_602,U_NORM_884,37.33,2026-01-09 16:11:00,0,normal
TX_5399,U_CRIM_20,U_NORM_392,1877.58,2026-01-09 16:30:00,1,criminal_outflow
TX_6072,U_NORM_620,U_COLL_3,6836.98,2026-01-09 16:43:00,1,collector_inflow
TX_3335,U_NORM_4,U_NORM_6,261.5,2026-01-09 16:45:00,0,normal
TX_788,U_NORM_874,U_NORM_723,275.75,2026-01-09 16:58:00,0,normal
TX_1742,U_NORM_302,U_NORM_366,139.74,2026-01-09 17:08:00,0,normal
TX_1774,U_NORM_404,U_NORM_278,749.5,2026-01-09 17:16:00,0,normal
TX_4901,U_NORM_771,U_NORM_785,334.25,2026-01-09 17:24:00,0,normal
TX_6675,U_NORM_141,U_COLL_33,5375.25,2026-01-09 17:25:00,1,collector_inflow
TX_1701,U_NORM_815,U_NORM_765,279.61,2026-01-09 17:33:00,0,normal
TX_7006,U_NORM_213,U_COLL_48,9518.98,2026-01-09 17:34:00,1,collector_inflow
TX_328,U_NORM_524,U_NORM_694,461.96,2026-01-09 17:39:00,0,normal
TX_3728,U_NORM_13,U_NORM_60,232.36,2026-01-09 17:57:00,0,normal
TX_4825,U_NORM_274,U_NORM_437,18.15,2026-01-09 18:04:00,0,normal
TX_1386,U_NORM_554,U_NORM_774,550.31,2026-01-09 18:04:00,0,normal
TX_3154,U_NORM_711,U_NORM_493,340.35,2026-01-09 18:06:00,0,normal
TX_3772,U_NORM_423,U_NORM_185,407.38,2026-01-09 18:13:00,0,normal
TX_2459,U_NORM_402,U_NORM_199,362.05,2026-01-09 18:31:00,0,normal
TX_4006,U_NORM_317,U_NORM_200,269.82,2026-01-09 18:37:00,0,normal
TX_2667,U_NORM_83,U_NORM_75,676.16,2026-01-09 18:49:00,0,normal
TX_1927,U_NORM_271,U_NORM_6,595.47,2026-01-09 18:52:00,0,normal
TX_4171,U_NORM_257,U_NORM_385,562.78,2026-01-09 19:04:00,0,normal
TX_375,U_NORM_671,U_NORM_846,210.44,2026-01-09 19:08:00,0,normal
TX_3323,U_NORM_417,U_NORM_195,232.39,2026-01-09 19:08:00,0,normal
TX_4718,U_NORM_640,U_NORM_896,588.64,2026-01-09 19:31:00,0,normal
TX_5549,U_CRIM_27,U_NORM_818,1347.7,2026-01-09 19:38:00,1,criminal_outflow
TX_3036,U_NORM_24,U_NORM_173,236.95,2026-01-09 19:42:00,0,normal
TX_1268,U_NORM_872,U_NORM_482,325.97,2026-01-09 19:52:00,0,normal
TX_965,U_NORM_344,U_NORM_240,349.76,2026-01-09 19:53:00,0,normal
TX_6710,U_NORM_650,U_COLL_35,5427.2,2026-01-09 19:55:00,1,collector_inflow
TX_5946,U_CRIM_47,U_NORM_53,1770.44,2026-01-09 19:59:00,1,criminal_outflow
TX_4341,U_NORM_886,U_NORM_855,266.42,2026-01-09 20:01:00,0,normal
TX_2465,U_NORM_77,U_NORM_110,551.68,2026-01-09 20:01:00,0,normal
TX_4357,U_NORM_148,U_NORM_363,47.14,2026-01-09 20:12:00,0,normal
TX_1404,U_NORM_794,U_NORM_892,169.01,2026-01-09 20:14:00,0,normal
TX_4456,U_NORM_470,U_NORM_853,515.23,2026-01-09 20:18:00,0,normal
TX_5978,U_CRIM_49,U_NORM_816,1210.55,2026-01-09 20:26:00,1,criminal_outflow
TX_6415,U_NORM_491,U_COLL_20,9906.05,2026-01-09 20:35:00,1,collector_inflow
TX_6995,U_NORM_678,U_COLL_48,6773.2,2026-01-09 20:50:00,1,collector_inflow
TX_2339,U_NORM_595,U_NORM_754,649.63,2026-01-09 20:58:00,0,normal
TX_1289,U_NORM_854,U_NORM_862,101.73,2026-01-09 20:59:00,0,normal
TX_883,U_NORM_390,U_NORM_310,457.23,2026-01-09 21:05:00,0,normal
TX_310,U_NORM_852,U_NORM_739,236.13,2026-01-09 21:07:00,0,normal
TX_2193,U_NORM_192,U_NORM_156,441.15,2026-01-09 21:15:00,0,normal
TX_1062,U_NORM_755,U_NORM_557,337.83,2026-01-09 21:20:00,0,normal
TX_4147,U_NORM_273,U_NORM_366,796.32,2026-01-09 21:24:00,0,normal
TX_845,U_NORM_646,U_NORM_568,362.71,2026-01-09 21:25:00,0,normal
TX_5092,U_CRIM_5,U_NORM_228,733.07,2026-01-09 21:30:00,1,criminal_outflow
TX_728,U_NORM_137,U_NORM_191,348.33,2026-01-09 21:30:00,0,normal
TX_148,U_NORM_19,U_NORM_287,761.15,2026-01-09 21:32:00,0,normal
TX_6326,U_NORM_817,U_COLL_16,8491.89,2026-01-09 21:37:00,1,collector_inflow
TX_6139,U_NORM_48,U_COLL_6,7999.24,2026-01-09 21:43:00,1,collector_inflow
TX_1612,U_NORM_169,U_NORM_91,5.23,2026-01-09 21:48:00,0,normal
TX_6195,U_NORM_576,U_COLL_8,7509.87,2026-01-09 21:51:00,1,collector_inflow
TX_4595,U_NORM_244,U_NORM_371,45.25,2026-01-09 22:10:00,0,normal
TX_6008,U_NORM_686,U_COLL_1,9541.17,2026-01-09 22:15:00,1,collector_inflow
TX_5045,U_CRIM_2,U_NORM_595,1262.06,2026-01-09 22:16:00,1,criminal_outflow
TX_5691,U_CRIM_34,U_NORM_367,1193.89,2026-01-09 22:26:00,1,criminal_outflow
TX_6025,U_NORM_236,U_COLL_1,6056.97,2026-01-09 23:02:00,1,collector_inflow
TX_4900,U_NORM_156,U_NORM_6,92.76,2026-01-09 23:06:00,0,normal
TX_6257,U_NORM_880,U_COLL_11,7430.4,2026-01-09 23:10:00,1,collector_inflow
TX_4859,U_NORM_248,U_NORM_183,260.85,2026-01-09 23:10:00,0,normal
TX_3814,U_NORM_80,U_NORM_438,336.86,2026-01-09 23:15:00,0,normal
TX_5141,U_CRIM_7,U_NORM_522,501.11,2026-01-09 23:18:00,1,criminal_outflow
TX_2106,U_NORM_676,U_NORM_765,105.4,2026-01-09 23:23:00,0,normal
TX_1322,U_NORM_175,U_NORM_226,522.67,2026-01-09 23:24:00,0,normal
TX_6274,U_NORM_501,U_COLL_12,5023.58,2026-01-09 23:26:00,1,collector_inflow
TX_3775,U_NORM_214,U_NORM_73,59.72,2026-01-09 23:26:00,0,normal
TX_4555,U_NORM_642,U_NORM_691,200.25,2026-01-09 23:35:00,0,normal
TX_1703,U_NORM_636,U_NORM_693,181.17,2026-01-09 23:39:00,0,normal
TX_2547,U_NORM_317,U_NORM_185,299.44,2026-01-09 23:54:00,0,normal
TX_1548,U_NORM_671,U_NORM_496,630.18,2026-01-09 23:57:00,0,normal
TX_2753,U_NORM_847,U_NORM_767,543.76,2026-01-09 23:57:00,0,normal
TX_2735,U_NORM_446,U_NORM_235,191.25,2026-01-10 00:01:00,0,normal
TX_5804,U_CRIM_40,U_NORM_590,1438.72,2026-01-10 00:18:00,1,criminal_outflow
TX_6612,U_NORM_730,U_COLL_30,7369.49,2026-01-10 00:34:00,1,collector_inflow
TX_4153,U_NORM_292,U_NORM_195,442.38,2026-01-10 00:42:00,0,normal
TX_5637,U_CRIM_32,U_NORM_456,1613.97,2026-01-10 00:42:00,1,criminal_outflow
TX_3358,U_NORM_836,U_NORM_607,188.15,2026-01-10 00:43:00,0,normal
TX_6843,U_NORM_659,U_COLL_41,9518.56,2026-01-10 00:49:00,1,collector_inflow
TX_3382,U_NORM_534,U_NORM_700,442.92,2026-01-10 00:51:00,0,normal
TX_3461,U_NORM_111,U_NORM_54,275.41,2026-01-10 00:55:00,0,normal
TX_4727,U_NORM_839,U_NORM_460,754.94,2026-01-10 01:01:00,0,normal
TX_33,U_NORM_769,U_NORM_755,749.78,2026-01-10 01:09:00,0,normal
TX_1172,U_NORM_636,U_NORM_897,285.46,2026-01-10 01:31:00,0,normal
TX_2332,U_NORM_166,U_NORM_57,428.26,2026-01-10 01:33:00,0,normal
TX_308,U_NORM_794,U_NORM_549,373.21,2026-01-10 01:39:00,0,normal
TX_208,U_NORM_149,U_NORM_435,749.57,2026-01-10 01:41:00,0,normal
TX_3891,U_NORM_627,U_NORM_476,281.58,2026-01-10 02:00:00,0,normal
TX_4192,U_NORM_881,U_NORM_566,371.51,2026-01-10 02:03:00,0,normal
TX_4687,U_NORM_847,U_NORM_770,235.54,2026-01-10 02:07:00,0,normal
TX_5487,U_CRIM_24,U_NORM_623,1980.87,2026-01-10 02:24:00,1,criminal_outflow
TX_4671,U_NORM_448,U_NORM_43,644.9,2026-01-10 02:29:00,0,normal
TX_713,U_NORM_265,U_NORM_72,675.0,2026-01-10 02:31:00,0,normal
TX_4338,U_NORM_298,U_NORM_202,198.09,2026-01-10 02:32:00,0,normal
TX_6908,U_NORM_352,U_COLL_44,8310.9,2026-01-10 02:35:00,1,collector_inflow
TX_4104,U_NORM_569,U_NORM_618,417.59,2026-01-10 02:38:00,0,normal
TX_2631,U_NORM_814,U_NORM_505,602.78,2026-01-10 02:43:00,0,normal
TX_1083,U_NORM_276,U_NORM_71,605.61,2026-01-10 02:47:00,0,normal
TX_2343,U_NORM_723,U_NORM_604,715.37,2026-01-10 02:49:00,0,normal
TX_2919,U_NORM_806,U_NORM_609,651.22,2026-01-10 02:52:00,0,normal
TX_2291,U_NORM_359,U_NORM_311,255.91,2026-01-10 03:14:00,0,normal
TX_5425,U_CRIM_21,U_NORM_893,1074.08,2026-01-10 03:23:00,1,criminal_outflow
TX_5081,U_CRIM_4,U_NORM_710,732.07,2026-01-10 03:31:00,1,criminal_outflow
TX_2426,U_NORM_214,U_NORM_86,434.64,2026-01-10 03:39:00,0,normal
TX_3347,U_NORM_745,U_NORM_834,70.32,2026-01-10 03:44:00,0,normal
TX_2491,U_NORM_224,U_NORM_39,27.45,2026-01-10 03:53:00,0,normal
TX_4331,U_NORM_175,U_NORM_132,314.65,2026-01-10 03:59:00,0,normal
TX_576,U_NORM_296,U_NORM_32,507.14,2026-01-10 04:08:00,0,normal
TX_6198,U_NORM_568,U_COLL_9,5734.08,2026-01-10 04:09:00,1,collector_inflow
TX_6160,U_NORM_280,U_COLL_7,8502.96,2026-01-10 04:10:00,1,collector_inflow
TX_4683,U_NORM_191,U_NORM_311,245.19,2026-01-10 04:15:00,0,normal
TX_3348,U_NORM_587,U_NORM_821,377.35,2026-01-10 04:16:00,0,normal
TX_2085,U_NORM_256,U_NORM_75,100.79,2026-01-10 04:17:00,0,normal
TX_7027,U_NORM_61,U_COLL_49,6977.4,2026-01-10 04:18:00,1,collector_inflow
TX_6304,U_NORM_605,U_COLL_14,8622.9,2026-01-10 04:24:00,1,collector_inflow
TX_3570,U_NORM_498,U_NORM_549,334.49,2026-01-10 04:32:00,0,normal
TX_3534,U_NORM_627,U_NORM_893,672.33,2026-01-10 04:47:00,0,normal
TX_1615,U_NORM_717,U_NORM_726,252.96,2026-01-10 04:47:00,0,normal
TX_5209,U_CRIM_10,U_NORM_452,715.59,2026-01-10 04:48:00,1,criminal_outflow
TX_4745,U_NORM_405,U_NORM_407,699.96,2026-01-10 04:50:00,0,normal
TX_265,U_NORM_212,U_NORM_331,412.46,2026-01-10 04:54:00,0,normal
TX_6331,U_NORM_300,U_COLL_16,6514.43,2026-01-10 04:54:00,1,collector_inflow
TX_7038,U_NORM_235,U_COLL_49,5076.17,2026-01-10 04:59:00,1,collector_inflow
TX_4716,U_NORM_638,U_NORM_720,102.71,2026-01-10 05:32:00,0,normal
TX_6667,U_NORM_125,U_COLL_33,6032.11,2026-01-10 05:36:00,1,collector_inflow
TX_5294,U_CRIM_14,U_NORM_85,1114.92,2026-01-10 05:38:00,1,criminal_outflow
TX_5026,U_CRIM_1,U_NORM_777,1802.64,2026-01-10 05:39:00,1,criminal_outflow
TX_6199,U_NORM_754,U_COLL_9,8048.11,2026-01-10 05:53:00,1,collector_inflow
TX_1455,U_NORM_82,U_NORM_5,516.24,2026-01-10 06:10:00,0,normal
TX_3496,U_NORM_102,U_NORM_165,620.29,2026-01-10 06:15:00,0,normal
TX_4676,U_NORM_869,U_NORM_645,465.22,2026-01-10 06:22:00,0,normal
TX_3011,U_NORM_300,U_NORM_283,445.5,2026-01-10 06:27:00,0,normal
TX_177,U_NORM_651,U_NORM_465,80.75,2026-01-10 06:38:00,0,normal
TX_6248,U_NORM_824,U_COLL_11,7170.78,2026-01-10 06:42:00,1,collector_inflow
TX_3609,U_NORM_344,U_NORM_18,496.28,2026-01-10 06:50:00,0,normal
TX_3784,U_NORM_852,U_NORM_564,725.94,2026-01-10 06:51:00,0,normal
TX_5023,U_CRIM_1,U_NORM_609,599.99,2026-01-10 06:53:00,1,criminal_outflow
TX_6189,U_NORM_599,U_COLL_8,5151.84,2026-01-10 06:56:00,1,collector_inflow
TX_1796,U_NORM_137,U_NORM_10,422.85,2026-01-10 07:02:00,0,normal
TX_66,U_NORM_759,U_NORM_858,449.95,2026-01-10 07:10:00,0,normal
TX_1053,U_NORM_383,U_NORM_344,397.79,2026-01-10 07:10:00,0,normal
TX_5267,U_CRIM_13,U_NORM_188,1705.06,2026-01-10 07:21:00,1,criminal_outflow
TX_1675,U_NORM_477,U_NORM_832,622.71,2026-01-10 07:31:00,0,normal
TX_1188,U_NORM_256,U_NORM_185,404.24,2026-01-10 07:34:00,0,normal
TX_4361,U_NORM_15,U_NORM_325,465.07,2026-01-10 07:40:00,0,normal
TX_3253,U_NORM_729,U_NORM_470,605.83,2026-01-10 07:44:00,0,normal
TX_5003,U_CRIM_0,U_NORM_884,680.9,2026-01-10 07:48:00,1,criminal_outflow
TX_2175,U_NORM_14,U_NORM_40,440.84,2026-01-10 07:53:00,0,normal
TX_40,U_NORM_820,U_NORM_603,612.63,2026-01-10 08:08:00,0,normal
TX_4817,U_NORM_484,U_NORM_631,493.83,2026-01-10 08:24:00,0,normal
TX_1443,U_NORM_383,U_NORM_118,85.81,2026-01-10 08:41:00,0,normal
TX_5990,U_NORM_501,U_COLL_0,7837.05,2026-01-10 08:51:00,1,collector_inflow
TX_5648,U_CRIM_32,U_NORM_207,714.74,2026-01-10 08:52:00,1,criminal_outflow
TX_113,U_NORM_642,U_NORM_527,586.43,2026-01-10 08:53:00,0,normal
TX_3705,U_NORM_77,U_NORM_445,543.76,2026-01-10 08:56:00,0,normal
TX_6369,U_NORM_821,U_COLL_18,8707.35,2026-01-10 09:00:00,1,collector_inflow
TX_1649,U_NORM_2,U_NORM_3,797.53,2026-01-10 09:01:00,0,normal
TX_4828,U_NORM_76,U_NORM_17,700.19,2026-01-10 09:01:00,0,normal
TX_1490,U_NORM_378,U_NORM_357,711.57,2026-01-10 09:06:00,0,normal
TX_6178,U_NORM_73,U_COLL_8,5937.32,2026-01-10 09:35:00,1,collector_inflow
TX_4460,U_NORM_350,U_NORM_233,482.07,2026-01-10 09:55:00,0,normal
TX_1872,U_NORM_369,U_NORM_212,778.26,2026-01-10 10:08:00,0,normal
TX_5988,U_CRIM_49,U_NORM_521,1773.87,2026-01-10 10:14:00,1,criminal_outflow
TX_4287,U_NORM_278,U_NORM_156,504.18,2026-01-10 10:23:00,0,normal
TX_5837,U_CRIM_42,U_NORM_818,1418.96,2026-01-10 10:23:00,1,criminal_outflow
TX_4298,U_NORM_137,U_NORM_232,463.2,2026-01-10 10:32:00,0,normal
TX_988,U_NORM_188,U_NORM_389,695.03,2026-01-10 10:37:00,0,normal
TX_1181,U_NORM_854,U_NORM_893,404.28,2026-01-10 10:49:00,0,normal
TX_6940,U_NORM_386,U_COLL_45,5861.77,2026-01-10 10:55:00,1,collector_inflow
TX_5987,U_CRIM_49,U_NORM_416,1818.66,2026-01-10 11:02:00,1,criminal_outflow
TX_5347,U_CRIM_18,U_NORM_723,935.43,2026-01-10 11:11:00,1,criminal_outflow
TX_6277,U_NORM_775,U_COLL_12,5260.89,2026-01-10 11:21:00,1,collector_inflow
TX_6023,U_NORM_522,U_COLL_1,6092.54,2026-01-10 11:26:00,1,collector_inflow
TX_1260,U_NORM_827,U_NORM_766,666.05,2026-01-10 11:27:00,0,normal
TX_5114,U_CRIM_5,U_NORM_200,844.49,2026-01-10 11:30:00,1,criminal_outflow
TX_5974,U_CRIM_49,U_NORM_815,1979.65,2026-01-10 11:36:00,1,criminal_outflow
TX_3413,U_NORM_743,U_NORM_883,510.43,2026-01-10 11:37:00,0,normal
TX_1848,U_NORM_56,U_NORM_391,111.63,2026-01-10 11:47:00,0,normal
TX_5127,U_CRIM_6,U_NORM_673,1901.97,2026-01-10 11:59:00,1,criminal_outflow
TX_1894,U_NORM_682,U_NORM_788,424.8,2026-01-10 12:03:00,0,normal
TX_2617,U_NORM_823,U_NORM_679,152.55,2026-01-10 12:04:00,0,normal
TX_4585,U_NORM_9,U_NORM_209,36.99,2026-01-10 12:05:00,0,normal
TX_2704,U_NORM_492,U_NORM_844,798.06,2026-01-10 12:24:00,0,normal
TX_6599,U_NORM_84,U_COLL_28,6268.6,2026-01-10 12:33:00,1,collector_inflow
TX_4384,U_NORM_706,U_NORM_490,81.67,2026-01-10 12:37:00,0,normal
TX_3284,U_NORM_4,U_NORM_376,599.51,2026-01-10 12:56:00,0,normal
TX_352,U_NORM_459,U_NORM_795,698.84,2026-01-10 13:15:00,0,normal
TX_6551,U_NORM_643,U_COLL_26,6089.39,2026-01-10 13:27:00,1,collector_inflow
TX_1044,U_NORM_649,U_NORM_582,344.17,2026-01-10 13:38:00,0,normal
TX_411,U_NORM_0,U_NORM_303,353.0,2026-01-10 13:38:00,0,normal
TX_6186,U_NORM_640,U_COLL_8,7975.35,2026-01-10 13:45:00,1,collector_inflow
TX_5281,U_CRIM_14,U_NORM_497,1728.29,2026-01-10 13:50:00,1,criminal_outflow
TX_6930,U_NORM_469,U_COLL_45,5321.88,2026-01-10 13:51:00,1,collector_inflow
TX_4862,U_NORM_463,U_NORM_589,91.92,2026-01-10 13:51:00,0,normal
TX_17,U_NORM_98,U_NORM_198,260.78,2026-01-10 13:57:00,0,normal
TX_3549,U_NORM_29,U_NORM_185,474.99,2026-01-10 13:57:00,0,normal
TX_2516,U_NORM_625,U_NORM_573,460.95,2026-01-10 14:07:00,0,normal
TX_1614,U_NORM_827,U_NORM_692,256.41,2026-01-10 14:26:00,0,normal
TX_4060,U_NORM_577,U_NORM_464,491.79,2026-01-10 14:40:00,0,normal
TX_5198,U_CRIM_10,U_NORM_857,682.71,2026-01-10 14:46:00,1,criminal_outflow
TX_2305,U_NORM_107,U_NORM_239,193.33,2026-01-10 14:51:00,0,normal
TX_1096,U_NORM_87,U_NORM_211,450.86,2026-01-10 14:54:00,0,normal
TX_4294,U_NORM_4,U_NORM_95,225.11,2026-01-10 15:03:00,0,normal
TX_6354,U_NORM_722,U_COLL_17,9633.11,2026-01-10 15:05:00,1,collector_inflow
TX_2927,U_NORM_730,U_NORM_772,202.34,2026-01-10 15:09:00,0,normal
TX_3069,U_NORM_647,U_NORM_654,362.68,2026-01-10 15:16:00,0,normal
TX_737,U_NORM_874,U_NORM_777,779.33,2026-01-10 15:22:00,0,normal
TX_2006,U_NORM_261,U_NORM_148,99.69,2026-01-10 15:24:00,0,normal
TX_2902,U_NORM_456,U_NORM_671,681.77,2026-01-10 15:34:00,0,normal
TX_4553,U_NORM_783,U_NORM_529,40.09,2026-01-10 15:37:00,0,normal
TX_5596,U_CRIM_30,U_NORM_485,1552.77,2026-01-10 15:46:00,1,criminal_outflow
TX_267,U_NORM_424,U_NORM_237,478.03,2026-01-10 15:49:00,0,normal
TX_245,U_NORM_407,U_NORM_31,263.99,2026-01-10 15:53:00,0,normal
TX_6921,U_NORM_147,U_COLL_44,6837.26,2026-01-10 16:00:00,1,collector_inflow
TX_6231,U_NORM_764,U_COLL_10,8187.56,2026-01-10 16:03:00,1,collector_inflow
TX_1565,U_NORM_836,U_NORM_816,342.96,2026-01-10 16:23:00,0,normal
TX_2906,U_NORM_190,U_NORM_225,122.56,2026-01-10 16:51:00,0,normal
TX_2041,U_NORM_723,U_NORM_690,746.08,2026-01-10 17:11:00,0,normal
TX_2916,U_NORM_416,U_NORM_176,116.67,2026-01-10 17:24:00,0,normal
TX_5808,U_CRIM_40,U_NORM_577,1826.02,2026-01-10 17:28:00,1,criminal_outflow
TX_1769,U_NORM_99,U_NORM_366,77.03,2026-01-10 17:36:00,0,normal
TX_4512,U_NORM_767,U_NORM_868,112.04,2026-01-10 17:43:00,0,normal
TX_2192,U_NORM_803,U_NORM_474,497.62,2026-01-10 17:44:00,0,normal
TX_6554,U_NORM_822,U_COLL_26,7201.66,2026-01-10 18:01:00,1,collector_inflow
TX_5881,U_CRIM_44,U_NORM_525,522.67,2026-01-10 18:01:00,1,criminal_outflow
TX_2862,U_NORM_133,U_NORM_280,236.26,2026-01-10 18:32:00,0,normal
TX_5600,U_CRIM_30,U_NORM_760,840.75,2026-01-10 18:35:00,1,criminal_outflow
TX_1274,U_NORM_449,U_NORM_362,18.24,2026-01-10 18:36:00,0,normal
TX_274,U_NORM_595,U_NORM_557,138.4,2026-01-10 18:38:00,0,normal
TX_3782,U_NORM_458,U_NORM_660,328.51,2026-01-10 18:57:00,0,normal
TX_6074,U_NORM_404,U_COLL_3,7340.88,2026-01-10 19:08:00,1,collector_inflow
TX_347,U_NORM_474,U_NORM_652,738.87,2026-01-10 19:10:00,0,normal
TX_5592,U_CRIM_30,U_NORM_120,557.27,2026-01-10 19:11:00,1,criminal_outflow
TX_2573,U_NORM_127,U_NORM_156,72.54,2026-01-10 19:17:00,0,normal
TX_5752,U_CRIM_36,U_NORM_198,1478.38,2026-01-10 19:17:00,1,criminal_outflow
TX_2284,U_NORM_618,U_NORM_657,602.71,2026-01-10 19:20:00,0,normal
TX_2642,U_NORM_261,U_NORM_218,497.36,2026-01-10 19:21:00,0,normal
TX_5204,U_CRIM_10,U_NORM_24,631.02,2026-01-10 19:26:00,1,criminal_outflow
TX_4974,U_NORM_137,U_NORM_60,385.45,2026-01-10 19:37:00,0,normal
TX_3531,U_NORM_887,U_NORM_730,188.95,2026-01-10 19:52:00,0,normal
TX_3377,U_NORM_684,U_NORM_782,193.47,2026-01-10 19:59:00,0,normal
TX_1578,U_NORM_690,U_NORM_705,595.62,2026-01-10 20:02:00,0,normal
TX_388,U_NORM_614,U_NORM_629,318.19,2026-01-10 20:04:00,0,normal
TX_1988,U_NORM_897,U_NORM_673,787.28,2026-01-10 20:05:00,0,normal
TX_318,U_NORM_170,U_NORM_47,364.04,2026-01-10 20:13:00,0,normal
TX_2974,U_NORM_609,U_NORM_839,441.54,2026-01-10 20:19:00,0,normal
TX_1127,U_NORM_234,U_NORM_32,296.37,2026-01-10 20:21:00,0,normal
TX_3960,U_NORM_193,U_NORM_273,396.97,2026-01-10 20:23:00,0,normal
TX_548,U_NORM_581,U_NORM_690,63.96,2026-01-10 20:30:00,0,normal
TX_2186,U_NORM_3,U_NORM_301,698.81,2026-01-10 20:41:00,0,normal
TX_3045,U_NORM_816,U_NORM_559,540.61,2026-01-10 20:50:00,0,normal
TX_4373,U_NORM_404,U_NORM_199,527.36,2026-01-10 20:57:00,0,normal
TX_4994,U_NORM_151,U_NORM_155,413.45,2026-01-10 21:00:00,0,normal
TX_336,U_NORM_411,U_NORM_415,527.44,2026-01-10 21:01:00,0,normal
TX_6227,U_NORM_146,U_COLL_10,9311.77,2026-01-10 21:17:00,1,collector_inflow
TX_3000,U_NORM_292,U_NORM_104,272.97,2026-01-10 21:26:00,0,normal
TX_6097,U_NORM_520,U_COLL_4,7506.64,2026-01-10 21:28:00,1,collector_inflow
TX_3982,U_NORM_526,U_NORM_488,718.09,2026-01-10 21:50:00,0,normal
TX_6907,U_NORM_567,U_COLL_44,9392.9,2026-01-10 22:17:00,1,collector_inflow
TX_311,U_NORM_305,U_NORM_378,104.55,2026-01-10 22:18:00,0,normal
TX_1739,U_NORM_378,U_NORM_48,717.32,2026-01-10 22:20:00,0,normal
TX_933,U_NORM_154,U_NORM_120,654.2,2026-01-10 22:26:00,0,normal
TX_1865,U_NORM_109,U_NORM_318,347.03,2026-01-10 22:27:00,0,normal
TX_2479,U_NORM_563,U_NORM_867,603.36,2026-01-10 22:34:00,0,normal
TX_211,U_NORM_294,U_NORM_412,21.48,2026-01-10 22:36:00,0,normal
TX_5074,U_CRIM_4,U_NORM_10,1649.57,2026-01-10 22:38:00,1,criminal_outflow
TX_5369,U_CRIM_19,U_NORM_257,1811.33,2026-01-10 22:45:00,1,criminal_outflow
TX_3172,U_NORM_762,U_NORM_806,542.77,2026-01-10 22:50:00,0,normal
TX_46,U_NORM_57,U_NORM_243,202.4,2026-01-10 23:01:00,0,normal
TX_90,U_NORM_776,U_NORM_572,343.46,2026-01-10 23:03:00,0,normal
TX_3432,U_NORM_370,U_NORM_5,212.28,2026-01-10 23:08:00,0,normal
TX_5169,U_CRIM_8,U_NORM_748,941.72,2026-01-10 23:30:00,1,criminal_outflow
TX_1753,U_NORM_721,U_NORM_535,36.25,2026-01-10 23:34:00,0,normal
TX_3025,U_NORM_84,U_NORM_257,463.38,2026-01-10 23:37:00,0,normal
TX_4772,U_NORM_866,U_NORM_670,496.06,2026-01-10 23:41:00,0,normal
TX_1407,U_NORM_797,U_NORM_831,8.27,2026-01-10 23:43:00,0,normal
TX_1382,U_NORM_794,U_NORM_841,495.6,2026-01-10 23:49:00,0,normal
TX_468,U_NORM_510,U_NORM_825,624.84,2026-01-10 23:54:00,0,normal
TX_1973,U_NORM_70,U_NORM_338,108.95,2026-01-10 23:57:00,0,normal
TX_3246,U_NORM_451,U_NORM_556,308.02,2026-01-11 00:05:00,0,normal
TX_5595,U_CRIM_30,U_NORM_809,1416.9,2026-01-11 00:08:00,1,criminal_outflow
TX_1351,U_NORM_322,U_NORM_34,395.89,2026-01-11 00:23:00,0,normal
TX_2921,U_NORM_775,U_NORM_672,515.32,2026-01-11 00:33:00,0,normal
TX_5415,U_CRIM_21,U_NORM_346,1976.63,2026-01-11 00:37:00,1,criminal_outflow
TX_5513,U_CRIM_25,U_NORM_687,1676.82,2026-01-11 00:43:00,1,criminal_outflow
TX_270,U_NORM_224,U_NORM_278,699.43,2026-01-11 00:54:00,0,normal
TX_2367,U_NORM_470,U_NORM_810,273.19,2026-01-11 01:20:00,0,normal
TX_5219,U_CRIM_10,U_NORM_59,1591.99,2026-01-11 01:36:00,1,criminal_outflow
TX_6973,U_NORM_287,U_COLL_47,7591.74,2026-01-11 01:45:00,1,collector_inflow
TX_3280,U_NORM_569,U_NORM_728,73.2,2026-01-11 01:48:00,0,normal
TX_1692,U_NORM_411,U_NORM_206,493.35,2026-01-11 01:53:00,0,normal
TX_5896,U_CRIM_45,U_NORM_477,1311.09,2026-01-11 01:55:00,1,criminal_outflow
TX_85,U_NORM_744,U_NORM_737,472.99,2026-01-11 02:02:00,0,normal
TX_5188,U_CRIM_9,U_NORM_661,1471.34,2026-01-11 02:12:00,1,criminal_outflow
TX_485,U_NORM_24,U_NORM_129,567.09,2026-01-11 02:33:00,0,normal
TX_332,U_NORM_386,U_NORM_404,433.53,2026-01-11 02:35:00,0,normal
TX_3844,U_NORM_169,U_NORM_419,741.94,2026-01-11 02:45:00,0,normal
TX_6080,U_NORM_224,U_COLL_3,8336.92,2026-01-11 03:25:00,1,collector_inflow
TX_4562,U_NORM_14,U_NORM_410,734.76,2026-01-11 03:30:00,0,normal
TX_3708,U_NORM_187,U_NORM_368,486.03,2026-01-11 03:30:00,0,normal
TX_5883,U_CRIM_44,U_NORM_250,1350.56,2026-01-11 03:55:00,1,criminal_outflow
TX_6611,U_NORM_483,U_COLL_30,5252.03,2026-01-11 04:04:00,1,collector_inflow
TX_4625,U_NORM_742,U_NORM_786,254.03,2026-01-11 04:15:00,0,normal
TX_2420,U_NORM_482,U_NORM_584,215.23,2026-01-11 04:16:00,0,normal
TX_3068,U_NORM_336,U_NORM_190,359.17,2026-01-11 04:33:00,0,normal
TX_4022,U_NORM_392,U_NORM_226,288.46,2026-01-11 04:41:00,0,normal
TX_4807,U_NORM_393,U_NORM_235,44.75,2026-01-11 04:42:00,0,normal
TX_1610,U_NORM_568,U_NORM_503,69.35,2026-01-11 04:42:00,0,normal
TX_4933,U_NORM_296,U_NORM_284,213.46,2026-01-11 04:52:00,0,normal
TX_2436,U_NORM_270,U_NORM_60,216.47,2026-01-11 04:53:00,0,normal
TX_4488,U_NORM_512,U_NORM_555,161.96,2026-01-11 04:53:00,0,normal
TX_7060,U_NORM_141,U_NORM_535,84.54,2026-01-11 04:59:00,0,bridge
TX_255,U_NORM_553,U_NORM_702,671.26,2026-01-11 05:03:00,0,normal
TX_975,U_NORM_702,U_NORM_541,652.56,2026-01-11 05:14:00,0,normal
TX_5428,U_CRIM_21,U_NORM_35,1354.3,2026-01-11 05:24:00,1,criminal_outflow
TX_787,U_NORM_45,U_NORM_224,666.99,2026-01-11 05:25:00,0,normal
TX_2681,U_NORM_552,U_NORM_470,55.52,2026-01-11 05:27:00,0,normal
TX_6395,U_NORM_288,U_COLL_19,6355.42,2026-01-11 05:34:00,1,collector_inflow
TX_6651,U_NORM_229,U_COLL_32,5495.45,2026-01-11 05:45:00,1,collector_inflow
TX_557,U_NORM_334,U_NORM_105,90.08,2026-01-11 06:26:00,0,normal
TX_3925,U_NORM_359,U_NORM_282,194.12,2026-01-11 06:28:00,0,normal
TX_3426,U_NORM_394,U_NORM_392,243.09,2026-01-11 06:33:00,0,normal
TX_71,U_NORM_390,U_NORM_404,275.79,2026-01-11 06:35:00,0,normal
TX_4758,U_NORM_333,U_NORM_268,146.53,2026-01-11 06:37:00,0,normal
TX_537,U_NORM_404,U_NORM_398,174.63,2026-01-11 06:42:00,0,normal
TX_5932,U_CRIM_46,U_NORM_391,1374.86,2026-01-11 06:49:00,1,criminal_outflow
TX_5482,U_CRIM_24,U_NORM_277,1260.32,2026-01-11 07:06:00,1,criminal_outflow
TX_5291,U_CRIM_14,U_NORM_310,1385.77,2026-01-11 07:06:00,1,criminal_outflow
TX_3301,U_NORM_616,U_NORM_768,669.13,2026-01-11 07:08:00,0,normal
TX_669,U_NORM_758,U_NORM_842,475.95,2026-01-11 07:25:00,0,normal
TX_5684,U_CRIM_34,U_NORM_817,957.5,2026-01-11 07:26:00,1,criminal_outflow
TX_81,U_NORM_93,U_NORM_156,505.42,2026-01-11 07:28:00,0,normal
TX_6208,U_NORM_136,U_COLL_9,9704.87,2026-01-11 07:29:00,1,collector_inflow
TX_5190,U_CRIM_9,U_NORM_136,586.45,2026-01-11 07:29:00,1,criminal_outflow
TX_4629,U_NORM_321,U_NORM_231,590.03,2026-01-11 07:42:00,0,normal
TX_3600,U_NORM_571,U_NORM_775,13.11,2026-01-11 07:45:00,0,normal
TX_5073,U_CRIM_3,U_NORM_447,646.95,2026-01-11 08:11:00,1,criminal_outflow
TX_889,U_NORM_572,U_NORM_474,73.0,2026-01-11 08:11:00,0,normal
TX_5284,U_CRIM_14,U_NORM_496,1776.37,2026-01-11 08:23:00,1,criminal_outflow
TX_4197,U_NORM_134,U_NORM_228,154.92,2026-01-11 08:23:00,0,normal
TX_1394,U_NORM_839,U_NORM_832,458.27,2026-01-11 08:25:00,0,normal
TX_2183,U_NORM_455,U_NORM_876,414.22,2026-01-11 08:32:00,0,normal
TX_419,U_NORM_803,U_NORM_558,771.24,2026-01-11 08:33:00,0,normal
TX_4945,U_NORM_765,U_NORM_697,730.7,2026-01-11 08:42:00,0,normal
TX_5940,U_CRIM_47,U_NORM_531,598.41,2026-01-11 08:51:00,1,criminal_outflow
TX_2180,U_NORM_176,U_NORM_344,124.71,2026-01-11 08:59:00,0,normal
TX_6058,U_NORM_817,U_COLL_3,9164.48,2026-01-11 09:15:00,1,collector_inflow
TX_6207,U_NORM_680,U_COLL_9,9213.88,2026-01-11 09:18:00,1,collector_inflow
TX_6004,U_NORM_411,U_COLL_1,5698.52,2026-01-11 09:23:00,1,collector_inflow
TX_697,U_NORM_596,U_NORM_714,287.81,2026-01-11 09:24:00,0,normal
TX_3416,U_NORM_482,U_NORM_457,463.47,2026-01-11 09:29:00,0,normal
TX_1702,U_NORM_526,U_NORM_603,250.05,2026-01-11 09:35:00,0,normal
TX_1659,U_NORM_588,U_NORM_837,660.2,2026-01-11 09:37:00,0,normal
TX_3076,U_NORM_86,U_NORM_198,145.19,2026-01-11 09:49:00,0,normal
TX_2822,U_NORM_67,U_NORM_96,78.11,2026-01-11 10:05:00,0,normal
TX_907,U_NORM_136,U_NORM_210,339.82,2026-01-11 10:17:00,0,normal
TX_157,U_NORM_10,U_NORM_154,343.87,2026-01-11 10:27:00,0,normal
TX_6625,U_NORM_551,U_COLL_30,9918.43,2026-01-11 10:30:00,1,collector_inflow
TX_3563,U_NORM_79,U_NORM_279,266.09,2026-01-11 10:36:00,0,normal
TX_5973,U_CRIM_49,U_NORM_128,1514.88,2026-01-11 10:46:00,1,criminal_outflow
TX_6870,U_NORM_243,U_COLL_43,8752.52,2026-01-11 10:49:00,1,collector_inflow
TX_5171,U_CRIM_8,U_NORM_256,863.46,2026-01-11 10:51:00,1,criminal_outflow
TX_1647,U_NORM_310,U_NORM_424,168.25,2026-01-11 10:52:00,0,normal
TX_1101,U_NORM_355,U_NORM_280,83.9,2026-01-11 10:55:00,0,normal
TX_5770,U_CRIM_38,U_NORM_440,623.51,2026-01-11 11:10:00,1,criminal_outflow
TX_3909,U_NORM_405,U_NORM_78,179.81,2026-01-11 11:11:00,0,normal
TX_3055,U_NORM_368,U_NORM_371,48.44,2026-01-11 11:14:00,0,normal
TX_2359,U_NORM_695,U_NORM_891,67.57,2026-01-11 11:14:00,0,normal
TX_2172,U_NORM_777,U_NORM_859,13.71,2026-01-11 11:23:00,0,normal
TX_6791,U_NORM_584,U_COLL_39,7620.71,2026-01-11 11:33:00,1,collector_inflow
TX_3684,U_NORM_625,U_NORM_701,179.85,2026-01-11 11:34:00,0,normal
TX_4950,U_NORM_407,U_NORM_156,314.11,2026-01-11 11:35:00,0,normal
TX_5366,U_CRIM_19,U_NORM_656,1666.44,2026-01-11 11:47:00,1,criminal_outflow
TX_2423,U_NORM_682,U_NORM_724,340.63,2026-01-11 12:00:00,0,normal
TX_2198,U_NORM_32,U_NORM_58,617.32,2026-01-11 12:08:00,0,normal
TX_4573,U_NORM_698,U_NORM_569,632.15,2026-01-11 12:10:00,0,normal
TX_877,U_NORM_667,U_NORM_461,757.34,2026-01-11 12:11:00,0,normal
TX_3567,U_NORM_716,U_NORM_759,169.42,2026-01-11 12:12:00,0,normal
TX_5566,U_CRIM_29,U_NORM_85,1349.75,2026-01-11 12:22:00,1,criminal_outflow
TX_2317,U_NORM_98,U_NORM_205,690.58,2026-01-11 12:27:00,0,normal
TX_4532,U_NORM_220,U_NORM_433,175.37,2026-01-11 12:34:00,0,normal
TX_3500,U_NORM_200,U_NORM_13,642.14,2026-01-11 12:35:00,0,normal
TX_5035,U_CRIM_1,U_NORM_861,1590.33,2026-01-11 12:52:00,1,criminal_outflow
TX_3119,U_NORM_55,U_NORM_351,695.15,2026-01-11 13:11:00,0,normal
TX_4590,U_NORM_77,U_NORM_186,267.01,2026-01-11 13:13:00,0,normal
TX_3486,U_NORM_2,U_NORM_435,615.67,2026-01-11 13:28:00,0,normal
TX_6573,U_NORM_170,U_COLL_27,7888.12,2026-01-11 13:43:00,1,collector_inflow
TX_3616,U_NORM_438,U_NORM_209,628.64,2026-01-11 13:57:00,0,normal
TX_5554,U_CRIM_28,U_NORM_754,1533.84,2026-01-11 14:02:00,1,criminal_outflow
TX_6244,U_NORM_185,U_COLL_10,7069.06,2026-01-11 14:04:00,1,collector_inflow
TX_3802,U_NORM_749,U_NORM_820,169.2,2026-01-11 14:11:00,0,normal
TX_7054,U_NORM_14,U_NORM_610,91.15,2026-01-11 14:34:00,0,bridge
TX_97,U_NORM_813,U_NORM_579,643.7,2026-01-11 14:35:00,0,normal
TX_4675,U_NORM_382,U_NORM_160,676.3,2026-01-11 14:39:00,0,normal
TX_4691,U_NORM_87,U_NORM_128,256.45,2026-01-11 14:44:00,0,normal
TX_2518,U_NORM_892,U_NORM_521,476.83,2026-01-11 14:50:00,0,normal
TX_5142,U_CRIM_7,U_NORM_152,594.28,2026-01-11 14:51:00,1,criminal_outflow
TX_3668,U_NORM_821,U_NORM_852,526.61,2026-01-11 14:53:00,0,normal
TX_4180,U_NORM_418,U_NORM_167,514.96,2026-01-11 14:53:00,0,normal
TX_586,U_NORM_394,U_NORM_142,445.38,2026-01-11 15:00:00,0,normal
TX_5223,U_CRIM_11,U_NORM_333,1020.22,2026-01-11 15:10:00,1,criminal_outflow
TX_599,U_NORM_140,U_NORM_9,288.03,2026-01-11 15:26:00,0,normal
TX_4672,U_NORM_326,U_NORM_231,50.32,2026-01-11 15:31:00,0,normal
TX_101,U_NORM_801,U_NORM_664,627.72,2026-01-11 15:48:00,0,normal
TX_6707,U_NORM_805,U_COLL_35,8939.96,2026-01-11 15:58:00,1,collector_inflow
TX_5666,U_CRIM_33,U_NORM_306,1127.46,2026-01-11 16:03:00,1,criminal_outflow
TX_445,U_NORM_57,U_NORM_403,296.11,2026-01-11 16:04:00,0,normal
TX_6323,U_NORM_630,U_COLL_16,9824.52,2026-01-11 16:05:00,1,collector_inflow
TX_3822,U_NORM_527,U_NORM_547,354.23,2026-01-11 16:09:00,0,normal
TX_6386,U_NORM_678,U_COLL_19,7955.9,2026-01-11 16:27:00,1,collector_inflow
TX_900,U_NORM_757,U_NORM_492,516.51,2026-01-11 16:36:00,0,normal
TX_3404,U_NORM_614,U_NORM_479,564.49,2026-01-11 16:36:00,0,normal
TX_2731,U_NORM_357,U_NORM_181,610.74,2026-01-11 16:39:00,0,normal
TX_1506,U_NORM_575,U_NORM_625,610.64,2026-01-11 16:44:00,0,normal
TX_276,U_NORM_864,U_NORM_677,784.73,2026-01-11 16:52:00,0,normal
TX_5567,U_CRIM_29,U_NORM_153,1219.77,2026-01-11 16:57:00,1,criminal_outflow
TX_6252,U_NORM_18,U_COLL_11,6582.49,2026-01-11 17:09:00,1,collector_inflow
TX_4479,U_NORM_222,U_NORM_230,232.33,2026-01-11 17:24:00,0,normal
TX_4600,U_NORM_644,U_NORM_764,63.18,2026-01-11 17:26:00,0,normal
TX_226,U_NORM_118,U_NORM_249,332.01,2026-01-11 17:37:00,0,normal
TX_3882,U_NORM_362,U_NORM_301,514.75,2026-01-11 17:37:00,0,normal
TX_3063,U_NORM_464,U_NORM_607,775.28,2026-01-11 17:42:00,0,normal
TX_5136,U_CRIM_7,U_NORM_684,785.58,2026-01-11 17:46:00,1,criminal_outflow
TX_5132,U_CRIM_6,U_NORM_83,1994.78,2026-01-11 17:56:00,1,criminal_outflow
TX_1875,U_NORM_387,U_NORM_234,20.82,2026-01-11 18:05:00,0,normal
TX_7010,U_NORM_586,U_COLL_48,7985.95,2026-01-11 18:11:00,1,collector_inflow
TX_3077,U_NORM_16,U_NORM_34,165.96,2026-01-11 18:11:00,0,normal
TX_927,U_NORM_240,U_NORM_318,195.51,2026-01-11 18:14:00,0,normal
TX_2403,U_NORM_244,U_NORM_11,683.12,2026-01-11 18:16:00,0,normal
TX_54,U_NORM_32,U_NORM_395,91.34,2026-01-11 18:16:00,0,normal
TX_4110,U_NORM_32,U_NORM_351,762.95,2026-01-11 18:23:00,0,normal
TX_5969,U_CRIM_48,U_NORM_139,1792.47,2026-01-11 18:25:00,1,criminal_outflow
TX_6253,U_NORM_891,U_COLL_11,5365.66,2026-01-11 18:26:00,1,collector_inflow
TX_6527,U_NORM_66,U_COLL_25,6035.3,2026-01-11 18:29:00,1,collector_inflow
TX_6802,U_NORM_717,U_COLL_40,6783.4,2026-01-11 18:33:00,1,collector_inflow
TX_4607,U_NORM_484,U_NORM_517,209.37,2026-01-11 18:52:00,0,normal
TX_866,U_NORM_362,U_NORM_151,88.73,2026-01-11 19:16:00,0,normal
TX_4029,U_NORM_668,U_NORM_745,311.0,2026-01-11 19:16:00,0,normal
TX_5751,U_CRIM_36,U_NORM_869,526.39,2026-01-11 19:20:00,1,criminal_outflow
TX_4775,U_NORM_564,U_NORM_785,688.99,2026-01-11 19:25:00,0,normal
TX_3004,U_NORM_200,U_NORM_148,89.94,2026-01-11 19:27:00,0,normal
TX_2944,U_NORM_549,U_NORM_783,554.33,2026-01-11 19:34:00,0,normal
TX_2941,U_NORM_873,U_NORM_559,643.23,2026-01-11 19:40:00,0,normal
TX_5971,U_CRIM_48,U_NORM_90,810.7,2026-01-11 20:11:00,1,criminal_outflow
TX_660,U_NORM_108,U_NORM_29,732.39,2026-01-11 20:13:00,0,normal
TX_899,U_NORM_482,U_NORM_632,535.38,2026-01-11 20:21:00,0,normal
TX_6083,U_NORM_317,U_COLL_4,5422.9,2026-01-11 20:31:00,1,collector_inflow
TX_2026,U_NORM_406,U_NORM_430,36.17,2026-01-11 20:32:00,0,normal
TX_1015,U_NORM_749,U_NORM_880,621.02,2026-01-11 20:32:00,0,normal
TX_1231,U_NORM_201,U_NORM_346,310.21,2026-01-11 20:39:00,0,normal
TX_5220,U_CRIM_10,U_NORM_730,1935.6,2026-01-11 20:44:00,1,criminal_outflow
TX_4306,U_NORM_756,U_NORM_535,499.2,2026-01-11 20:47:00,0,normal
TX_4185,U_NORM_91,U_NORM_279,542.02,2026-01-11 20:51:00,0,normal
TX_6133,U_NORM_719,U_COLL_6,6163.6,2026-01-11 20:57:00,1,collector_inflow
TX_204,U_NORM_145,U_NORM_435,738.41,2026-01-11 20:58:00,0,normal
TX_1050,U_NORM_615,U_NORM_828,765.9,2026-01-11 20:59:00,0,normal
TX_6963,U_NORM_313,U_COLL_46,7631.08,2026-01-11 21:00:00,1,collector_inflow
TX_1939,U_NORM_695,U_NORM_822,765.67,2026-01-11 21:07:00,0,normal
TX_6419,U_NORM_670,U_COLL_20,9467.07,2026-01-11 21:14:00,1,collector_inflow
TX_5822,U_CRIM_41,U_NORM_445,1723.26,2026-01-11 21:17:00,1,criminal_outflow
TX_2054,U_NORM_82,U_NORM_251,352.74,2026-01-11 21:17:00,0,normal
TX_4150,U_NORM_14,U_NORM_197,364.73,2026-01-11 21:18:00,0,normal
TX_1066,U_NORM_633,U_NORM_647,109.24,2026-01-11 21:22:00,0,normal
TX_4112,U_NORM_598,U_NORM_708,498.72,2026-01-11 21:23:00,0,normal
TX_5091,U_CRIM_5,U_NORM_552,1676.11,2026-01-11 21:36:00,1,criminal_outflow
TX_4874,U_NORM_855,U_NORM_465,285.35,2026-01-11 21:37:00,0,normal
TX_5500,U_CRIM_25,U_NORM_615,879.43,2026-01-11 21:52:00,1,criminal_outflow
TX_6185,U_NORM_124,U_COLL_8,7059.78,2026-01-11 21:55:00,1,collector_inflow
TX_5941,U_CRIM_47,U_NORM_20,738.82,2026-01-11 21:58:00,1,criminal_outflow
TX_5571,U_CRIM_29,U_NORM_191,631.63,2026-01-11 22:03:00,1,criminal_outflow
TX_658,U_NORM_156,U_NORM_317,490.68,2026-01-11 22:27:00,0,normal
TX_6449,U_NORM_355,U_COLL_21,8008.94,2026-01-11 22:40:00,1,collector_inflow
TX_4187,U_NORM_230,U_NORM_213,146.32,2026-01-11 22:41:00,0,normal
TX_4653,U_NORM_850,U_NORM_637,331.16,2026-01-11 22:41:00,0,normal
TX_5909,U_CRIM_45,U_NORM_358,1170.75,2026-01-11 22:49:00,1,criminal_outflow
TX_4809,U_NORM_114,U_NORM_444,659.25,2026-01-11 22:54:00,0,normal
TX_6539,U_NORM_73,U_COLL_26,6056.79,2026-01-11 22:59:00,1,collector_inflow
TX_5467,U_CRIM_23,U_NORM_361,1314.47,2026-01-11 23:08:00,1,criminal_outflow
TX_6733,U_NORM_224,U_COLL_37,7593.82,2026-01-11 23:08:00,1,collector_inflow
TX_6848,U_NORM_486,U_COLL_41,9752.96,2026-01-11 23:10:00,1,collector_inflow
TX_2666,U_NORM_75,U_NORM_315,172.37,2026-01-11 23:11:00,0,normal
TX_3542,U_NORM_618,U_NORM_576,41.25,2026-01-11 23:14:00,0,normal
TX_4923,U_NORM_655,U_NORM_726,610.92,2026-01-11 23:25:00,0,normal
TX_2760,U_NORM_340,U_NORM_11,224.87,2026-01-11 23:28:00,0,normal
TX_613,U_NORM_235,U_NORM_381,560.63,2026-01-11 23:35:00,0,normal
TX_6757,U_NORM_389,U_COLL_38,7733.1,2026-01-11 23:35:00,1,collector_inflow
TX_1714,U_NORM_506,U_NORM_866,266.87,2026-01-11 23:38:00,0,normal
TX_3919,U_NORM_690,U_NORM_784,120.07,2026-01-11 23:56:00,0,normal
TX_5283,U_CRIM_14,U_NORM_422,1825.51,2026-01-12 00:01:00,1,criminal_outflow
TX_666,U_NORM_528,U_NORM_869,535.43,2026-01-12 00:02:00,0,normal
TX_2008,U_NORM_68,U_NORM_240,735.32,2026-01-12 00:10:00,0,normal
TX_1600,U_NORM_823,U_NORM_626,795.58,2026-01-12 00:11:00,0,normal
TX_1535,U_NORM_569,U_NORM_595,126.0,2026-01-12 00:12:00,0,normal
TX_1975,U_NORM_433,U_NORM_137,24.24,2026-01-12 00:14:00,0,normal
TX_3699,U_NORM_35,U_NORM_294,786.46,2026-01-12 00:39:00,0,normal
TX_4888,U_NORM_160,U_NORM_167,426.9,2026-01-12 00:47:00,0,normal
TX_325,U_NORM_96,U_NORM_267,226.92,2026-01-12 00:49:00,0,normal
TX_244,U_NORM_412,U_NORM_320,182.45,2026-01-12 00:51:00,0,normal
TX_342,U_NORM_282,U_NORM_123,127.25,2026-01-12 01:07:00,0,normal
TX_5534,U_CRIM_26,U_NORM_599,1681.04,2026-01-12 01:11:00,1,criminal_outflow
TX_5904,U_CRIM_45,U_NORM_185,1622.48,2026-01-12 01:19:00,1,criminal_outflow
TX_4303,U_NORM_263,U_NORM_60,20.96,2026-01-12 01:20:00,0,normal
TX_2489,U_NORM_38,U_NORM_81,668.21,2026-01-12 01:23:00,0,normal
TX_3622,U_NORM_99,U_NORM_283,531.98,2026-01-12 01:24:00,0,normal
TX_6510,U_NORM_769,U_COLL_24,7466.07,2026-01-12 01:39:00,1,collector_inflow
TX_3710,U_NORM_631,U_NORM_879,545.6,2026-01-12 01:44:00,0,normal
TX_4355,U_NORM_269,U_NORM_314,218.44,2026-01-12 01:47:00,0,normal
TX_4109,U_NORM_119,U_NORM_218,46.39,2026-01-12 01:55:00,0,normal
TX_4275,U_NORM_832,U_NORM_725,404.98,2026-01-12 01:58:00,0,normal
TX_4427,U_NORM_472,U_NORM_712,291.35,2026-01-12 02:07:00,0,normal
TX_7014,U_NORM_341,U_COLL_48,6975.23,2026-01-12 02:21:00,1,collector_inflow
TX_4550,U_NORM_59,U_NORM_124,82.57,2026-01-12 02:28:00,0,normal
TX_1203,U_NORM_684,U_NORM_838,707.59,2026-01-12 02:45:00,0,normal
TX_4876,U_NORM_571,U_NORM_802,34.18,2026-01-12 02:53:00,0,normal
TX_6138,U_NORM_826,U_COLL_6,7387.83,2026-01-12 02:53:00,1,collector_inflow
TX_202,U_NORM_871,U_NORM_516,454.22,2026-01-12 03:15:00,0,normal
TX_1843,U_NORM_486,U_NORM_848,89.0,2026-01-12 03:18:00,0,normal
TX_3746,U_NORM_435,U_NORM_217,70.05,2026-01-12 03:21:00,0,normal
TX_2055,U_NORM_45,U_NORM_250,490.7,2026-01-12 03:32:00,0,normal
TX_7046,U_NORM_748,U_COLL_49,7998.46,2026-01-12 03:45:00,1,collector_inflow
TX_4914,U_NORM_361,U_NORM_303,601.25,2026-01-12 03:46:00,0,normal
TX_5797,U_CRIM_40,U_NORM_182,1028.25,2026-01-12 03:47:00,1,criminal_outflow
TX_1037,U_NORM_222,U_NORM_446,439.38,2026-01-12 04:00:00,0,normal
TX_1176,U_NORM_603,U_NORM_897,451.52,2026-01-12 04:11:00,0,normal
TX_4314,U_NORM_132,U_NORM_41,745.89,2026-01-12 04:14:00,0,normal
TX_2163,U_NORM_668,U_NORM_824,458.11,2026-01-12 04:23:00,0,normal
TX_6222,U_NORM_641,U_COLL_10,7618.68,2026-01-12 04:38:00,1,collector_inflow
TX_4486,U_NORM_482,U_NORM_820,635.35,2026-01-12 04:50:00,0,normal
TX_1324,U_NORM_803,U_NORM_745,766.41,2026-01-12 05:01:00,0,normal
TX_5705,U_CRIM_35,U_NORM_866,585.03,2026-01-12 05:05:00,1,criminal_outflow
TX_6108,U_NORM_173,U_COLL_5,9129.55,2026-01-12 05:10:00,1,collector_inflow
TX_2632,U_NORM_105,U_NORM_370,263.06,2026-01-12 05:36:00,0,normal
TX_4292,U_NORM_263,U_NORM_12,277.5,2026-01-12 05:36:00,0,normal
TX_1097,U_NORM_637,U_NORM_603,292.77,2026-01-12 05:36:00,0,normal
TX_1265,U_NORM_697,U_NORM_760,750.43,2026-01-12 05:41:00,0,normal
TX_3095,U_NORM_478,U_NORM_473,757.64,2026-01-12 05:53:00,0,normal
TX_4774,U_NORM_263,U_NORM_219,543.85,2026-01-12 05:55:00,0,normal
TX_6827,U_NORM_499,U_COLL_41,8204.53,2026-01-12 05:59:00,1,collector_inflow
TX_3002,U_NORM_582,U_NORM_633,519.48,2026-01-12 06:01:00,0,normal
TX_6031,U_NORM_344,U_COLL_1,6690.32,2026-01-12 06:03:00,1,collector_inflow
TX_4392,U_NORM_563,U_NORM_532,180.77,2026-01-12 06:09:00,0,normal
TX_5817,U_CRIM_41,U_NORM_667,1807.79,2026-01-12 06:16:00,1,criminal_outflow
TX_4643,U_NORM_131,U_NORM_190,24.24,2026-01-12 06:21:00,0,normal
TX_1508,U_NORM_639,U_NORM_596,211.34,2026-01-12 06:29:00,0,normal
TX_294,U_NORM_483,U_NORM_587,86.62,2026-01-12 06:31:00,0,normal
TX_5867,U_CRIM_43,U_NORM_0,1117.02,2026-01-12 06:34:00,1,criminal_outflow
TX_6945,U_NORM_108,U_COLL_46,5153.54,2026-01-12 06:35:00,1,collector_inflow
TX_1666,U_NORM_557,U_NORM_835,268.94,2026-01-12 06:38:00,0,normal
TX_3007,U_NORM_26,U_NORM_298,351.65,2026-01-12 06:41:00,0,normal
TX_1425,U_NORM_748,U_NORM_515,586.56,2026-01-12 06:56:00,0,normal
TX_3499,U_NORM_471,U_NORM_805,791.59,2026-01-12 06:57:00,0,normal
TX_6129,U_NORM_509,U_COLL_6,9633.77,2026-01-12 06:58:00,1,collector_inflow
TX_4930,U_NORM_391,U_NORM_285,436.8,2026-01-12 07:00:00,0,normal
TX_6837,U_NORM_809,U_COLL_41,7028.65,2026-01-12 07:07:00,1,collector_inflow
TX_497,U_NORM_107,U_NORM_392,793.07,2026-01-12 07:22:00,0,normal
TX_786,U_NORM_553,U_NORM_884,179.77,2026-01-12 07:22:00,0,normal
TX_6479,U_NORM_366,U_COLL_23,9094.3,2026-01-12 07:28:00,1,collector_inflow
TX_1537,U_NORM_845,U_NORM_844,674.02,2026-01-12 07:35:00,0,normal
TX_4043,U_NORM_67,U_NORM_36,331.56,2026-01-12 07:36:00,0,normal
TX_6117,U_NORM_728,U_COLL_5,7953.77,2026-01-12 07:42:00,1,collector_inflow
TX_3193,U_NORM_223,U_NORM_365,666.21,2026-01-12 07:47:00,0,normal
TX_1003,U_NORM_89,U_NORM_319,210.82,2026-01-12 07:52:00,0,normal
TX_324,U_NORM_751,U_NORM_817,402.23,2026-01-12 08:07:00,0,normal
TX_387,U_NORM_208,U_NORM_334,324.19,2026-01-12 08:10:00,0,normal
TX_3022,U_NORM_13,U_NORM_350,798.39,2026-01-12 08:11:00,0,normal
TX_1722,U_NORM_690,U_NORM_504,288.54,2026-01-12 08:23:00,0,normal
TX_5082,U_CRIM_4,U_NORM_685,631.25,2026-01-12 08:32:00,1,criminal_outflow
TX_87,U_NORM_35,U_NORM_36,105.12,2026-01-12 08:36:00,0,normal
TX_1309,U_NORM_169,U_NORM_137,88.33,2026-01-12 08:49:00,0,normal
TX_3497,U_NORM_285,U_NORM_416,267.66,2026-01-12 08:53:00,0,normal
TX_1959,U_NORM_585,U_NORM_764,424.45,2026-01-12 09:02:00,0,normal
TX_5083,U_CRIM_4,U_NORM_327,1492.44,2026-01-12 09:10:00,1,criminal_outflow
TX_4540,U_NORM_670,U_NORM_842,616.45,2026-01-12 09:11:00,0,normal
TX_6632,U_NORM_160,U_COLL_31,5568.22,2026-01-12 09:38:00,1,collector_inflow
TX_1803,U_NORM_304,U_NORM_285,89.13,2026-01-12 10:02:00,0,normal
TX_2979,U_NORM_534,U_NORM_859,220.27,2026-01-12 10:11:00,0,normal
TX_6942,U_NORM_43,U_COLL_46,8501.41,2026-01-12 10:12:00,1,collector_inflow
TX_1223,U_NORM_519,U_NORM_750,287.6,2026-01-12 10:18:00,0,normal
TX_2132,U_NORM_559,U_NORM_704,293.91,2026-01-12 10:19:00,0,normal
TX_2230,U_NORM_151,U_NORM_420,687.08,2026-01-12 10:19:00,0,normal
TX_58,U_NORM_205,U_NORM_213,263.69,2026-01-12 10:22:00,0,normal
TX_2265,U_NORM_494,U_NORM_863,17.34,2026-01-12 10:43:00,0,normal
TX_2424,U_NORM_104,U_NORM_438,65.22,2026-01-12 10:44:00,0,normal
TX_6732,U_NORM_101,U_COLL_37,5984.42,2026-01-12 10:48:00,1,collector_inflow
TX_2548,U_NORM_834,U_NORM_801,619.37,2026-01-12 10:59:00,0,normal
TX_5703,U_CRIM_35,U_NORM_462,1904.5,2026-01-12 11:03:00,1,criminal_outflow
TX_3459,U_NORM_142,U_NORM_138,639.82,2026-01-12 11:06:00,0,normal
TX_5287,U_CRIM_14,U_NORM_654,657.19,2026-01-12 11:08:00,1,criminal_outflow
TX_361,U_NORM_197,U_NORM_5,200.7,2026-01-12 11:08:00,0,normal
TX_6669,U_NORM_546,U_COLL_33,6836.43,2026-01-12 11:19:00,1,collector_inflow
TX_2484,U_NORM_773,U_NORM_497,435.85,2026-01-12 11:37:00,0,normal
TX_5170,U_CRIM_8,U_NORM_800,1341.9,2026-01-12 11:37:00,1,criminal_outflow
TX_6126,U_NORM_744,U_COLL_6,8106.15,2026-01-12 11:38:00,1,collector_inflow
TX_3935,U_NORM_199,U_NORM_300,423.39,2026-01-12 11:43:00,0,normal
TX_561,U_NORM_580,U_NORM_871,577.98,2026-01-12 11:46:00,0,normal
TX_1745,U_NORM_334,U_NORM_36,232.96,2026-01-12 11:48:00,0,normal
TX_1938,U_NORM_706,U_NORM_695,355.07,2026-01-12 11:53:00,0,normal
TX_4061,U_NORM_60,U_NORM_406,651.38,2026-01-12 11:54:00,0,normal
TX_1883,U_NORM_131,U_NORM_267,554.39,2026-01-12 12:01:00,0,normal
TX_3053,U_NORM_796,U_NORM_486,84.53,2026-01-12 12:04:00,0,normal
TX_2,U_NORM_303,U_NORM_83,580.5,2026-01-12 12:05:00,0,normal
TX_2835,U_NORM_722,U_NORM_513,296.68,2026-01-12 12:05:00,0,normal
TX_3984,U_NORM_780,U_NORM_738,199.61,2026-01-12 12:10:00,0,normal
TX_4725,U_NORM_872,U_NORM_493,799.63,2026-01-12 12:12:00,0,normal
TX_3516,U_NORM_419,U_NORM_446,793.47,2026-01-12 12:22:00,0,normal
TX_2903,U_NORM_800,U_NORM_493,558.49,2026-01-12 12:34:00,0,normal
TX_2690,U_NORM_709,U_NORM_520,135.3,2026-01-12 12:44:00,0,normal
TX_1021,U_NORM_700,U_NORM_754,224.26,2026-01-12 13:08:00,0,normal
TX_1072,U_NORM_85,U_NORM_427,593.69,2026-01-12 13:11:00,0,normal
TX_3920,U_NORM_762,U_NORM_878,255.78,2026-01-12 13:14:00,0,normal
TX_6682,U_NORM_738,U_COLL_33,8122.77,2026-01-12 13:16:00,1,collector_inflow
TX_5314,U_CRIM_16,U_NORM_52,796.1,2026-01-12 13:31:00,1,criminal_outflow
TX_6516,U_NORM_627,U_COLL_24,5649.25,2026-01-12 13:33:00,1,collector_inflow
TX_1413,U_NORM_738,U_NORM_849,492.86,2026-01-12 13:37:00,0,normal
TX_3422,U_NORM_828,U_NORM_783,233.38,2026-01-12 13:44:00,0,normal
TX_5448,U_CRIM_23,U_NORM_566,1695.36,2026-01-12 13:47:00,1,criminal_outflow
TX_1827,U_NORM_610,U_NORM_713,162.25,2026-01-12 14:04:00,0,normal
TX_6456,U_NORM_180,U_COLL_22,6424.98,2026-01-12 14:38:00,1,collector_inflow
TX_5232,U_CRIM_11,U_NORM_419,1562.82,2026-01-12 14:39:00,1,criminal_outflow
TX_6825,U_NORM_235,U_COLL_41,9317.39,2026-01-12 14:39:00,1,collector_inflow
TX_6355,U_NORM_360,U_COLL_17,5596.75,2026-01-12 14:41:00,1,collector_inflow
TX_6038,U_NORM_796,U_COLL_2,9340.9,2026-01-12 14:46:00,1,collector_inflow
TX_3485,U_NORM_623,U_NORM_636,665.98,2026-01-12 14:47:00,0,normal
TX_5155,U_CRIM_8,U_NORM_277,757.09,2026-01-12 15:07:00,1,criminal_outflow
TX_640,U_NORM_457,U_NORM_719,525.46,2026-01-12 15:08:00,0,normal
TX_3065,U_NORM_377,U_NORM_361,423.91,2026-01-12 15:11:00,0,normal
TX_1354,U_NORM_788,U_NORM_463,230.65,2026-01-12 15:14:00,0,normal
TX_164,U_NORM_128,U_NORM_361,66.53,2026-01-12 15:21:00,0,normal
TX_4790,U_NORM_737,U_NORM_593,534.83,2026-01-12 15:22:00,0,normal
TX_2857,U_NORM_484,U_NORM_509,326.45,2026-01-12 15:28:00,0,normal
TX_3911,U_NORM_168,U_NORM_376,183.71,2026-01-12 15:30:00,0,normal
TX_6847,U_NORM_506,U_COLL_41,8971.61,2026-01-12 15:34:00,1,collector_inflow
TX_2116,U_NORM_624,U_NORM_507,457.02,2026-01-12 15:34:00,0,normal
TX_1616,U_NORM_63,U_NORM_285,33.91,2026-01-12 15:37:00,0,normal
TX_4116,U_NORM_359,U_NORM_282,712.54,2026-01-12 15:38:00,0,normal
TX_2772,U_NORM_825,U_NORM_618,516.56,2026-01-12 15:39:00,0,normal
TX_4273,U_NORM_663,U_NORM_675,232.73,2026-01-12 15:51:00,0,normal
TX_1547,U_NORM_733,U_NORM_574,502.9,2026-01-12 16:02:00,0,normal
TX_221,U_NORM_39,U_NORM_31,786.06,2026-01-12 16:06:00,0,normal
TX_2146,U_NORM_130,U_NORM_47,766.06,2026-01-12 16:09:00,0,normal
TX_5528,U_CRIM_26,U_NORM_210,1284.32,2026-01-12 16:15:00,1,criminal_outflow
TX_4869,U_NORM_206,U_NORM_360,505.9,2026-01-12 16:18:00,0,normal
TX_1389,U_NORM_623,U_NORM_782,422.85,2026-01-12 16:23:00,0,normal
TX_6588,U_NORM_412,U_COLL_28,8931.27,2026-01-12 16:26:00,1,collector_inflow
TX_2310,U_NORM_790,U_NORM_593,717.45,2026-01-12 16:27:00,0,normal
TX_2111,U_NORM_51,U_NORM_276,300.02,2026-01-12 16:27:00,0,normal
TX_2868,U_NORM_158,U_NORM_213,260.61,2026-01-12 16:40:00,0,normal
TX_4360,U_NORM_124,U_NORM_37,750.17,2026-01-12 16:46:00,0,normal
TX_4587,U_NORM_413,U_NORM_298,557.68,2026-01-12 16:47:00,0,normal
TX_2730,U_NORM_431,U_NORM_244,635.34,2026-01-12 17:00:00,0,normal
TX_2904,U_NORM_589,U_NORM_723,749.71,2026-01-12 17:04:00,0,normal
TX_1790,U_NORM_897,U_NORM_715,568.96,2026-01-12 17:11:00,0,normal
TX_3538,U_NORM_76,U_NORM_353,620.88,2026-01-12 17:16:00,0,normal
TX_3634,U_NORM_534,U_NORM_822,183.87,2026-01-12 17:19:00,0,normal
TX_1210,U_NORM_167,U_NORM_334,221.46,2026-01-12 17:20:00,0,normal
TX_1342,U_NORM_172,U_NORM_358,73.41,2026-01-12 17:22:00,0,normal
TX_1687,U_NORM_230,U_NORM_433,654.89,2026-01-12 17:22:00,0,normal
TX_4258,U_NORM_53,U_NORM_198,656.17,2026-01-12 17:23:00,0,normal
TX_3926,U_NORM_613,U_NORM_711,401.07,2026-01-12 17:26:00,0,normal
TX_956,U_NORM_452,U_NORM_485,43.75,2026-01-12 17:33:00,0,normal
TX_1550,U_NORM_320,U_NORM_196,436.99,2026-01-12 17:35:00,0,normal
TX_2721,U_NORM_651,U_NORM_482,397.44,2026-01-12 17:43:00,0,normal
TX_704,U_NORM_628,U_NORM_724,359.44,2026-01-12 17:49:00,0,normal
TX_4692,U_NORM_286,U_NORM_203,88.34,2026-01-12 17:49:00,0,normal
TX_3094,U_NORM_833,U_NORM_806,435.68,2026-01-12 17:52:00,0,normal
TX_5809,U_CRIM_40,U_NORM_408,1354.68,2026-01-12 17:54:00,1,criminal_outflow
TX_989,U_NORM_832,U_NORM_771,93.51,2026-01-12 17:59:00,0,normal
TX_7045,U_NORM_211,U_COLL_49,5996.36,2026-01-12 18:03:00,1,collector_inflow
TX_887,U_NORM_475,U_NORM_691,690.05,2026-01-12 18:11:00,0,normal
TX_3520,U_NORM_212,U_NORM_36,676.12,2026-01-12 18:19:00,0,normal
TX_5049,U_CRIM_2,U_NORM_481,740.88,2026-01-12 18:23:00,1,criminal_outflow
TX_4395,U_NORM_410,U_NORM_148,57.32,2026-01-12 18:34:00,0,normal
TX_5160,U_CRIM_8,U_NORM_811,1486.07,2026-01-12 18:45:00,1,criminal_outflow
TX_6484,U_NORM_529,U_COLL_23,5556.96,2026-01-12 18:52:00,1,collector_inflow
TX_4891,U_NORM_877,U_NORM_662,338.79,2026-01-12 18:53:00,0,normal
TX_3372,U_NORM_677,U_NORM_784,488.64,2026-01-12 18:53:00,0,normal
TX_4917,U_NORM_385,U_NORM_372,262.21,2026-01-12 18:55:00,0,normal
TX_400,U_NORM_411,U_NORM_141,459.1,2026-01-12 18:58:00,0,normal
TX_1116,U_NORM_12,U_NORM_202,267.64,2026-01-12 19:25:00,0,normal
TX_4815,U_NORM_586,U_NORM_468,796.51,2026-01-12 19:29:00,0,normal
TX_1735,U_NORM_607,U_NORM_503,505.72,2026-01-12 19:30:00,0,normal
TX_5889,U_CRIM_45,U_NORM_346,632.47,2026-01-12 19:31:00,1,criminal_outflow
TX_1376,U_NORM_77,U_NORM_186,18.99,2026-01-12 19:31:00,0,normal
TX_2382,U_NORM_820,U_NORM_665,654.05,2026-01-12 19:33:00,0,normal
TX_1045,U_NORM_404,U_NORM_92,532.31,2026-01-12 19:35:00,0,normal
TX_4397,U_NORM_61,U_NORM_310,372.75,2026-01-12 19:51:00,0,normal
TX_394,U_NORM_525,U_NORM_853,232.97,2026-01-12 20:00:00,0,normal
TX_1104,U_NORM_879,U_NORM_608,15.56,2026-01-12 20:11:00,0,normal
TX_821,U_NORM_32,U_NORM_67,396.51,2026-01-12 20:15:00,0,normal
TX_3049,U_NORM_350,U_NORM_449,731.9,2026-01-12 20:16:00,0,normal
TX_1167,U_NORM_370,U_NORM_230,215.01,2026-01-12 20:21:00,0,normal
TX_1679,U_NORM_427,U_NORM_48,584.32,2026-01-12 20:49:00,0,normal
TX_3476,U_NORM_53,U_NORM_263,622.17,2026-01-12 20:52:00,0,normal
TX_1609,U_NORM_17,U_NORM_214,757.27,2026-01-12 20:59:00,0,normal
TX_7021,U_NORM_769,U_COLL_49,8705.25,2026-01-12 21:01:00,1,collector_inflow
TX_4011,U_NORM_20,U_NORM_362,742.97,2026-01-12 21:12:00,0,normal
TX_3440,U_NORM_454,U_NORM_582,421.43,2026-01-12 21:20:00,0,normal
TX_6338,U_NORM_690,U_COLL_16,9013.81,2026-01-12 21:38:00,1,collector_inflow
TX_6204,U_NORM_652,U_COLL_9,9893.94,2026-01-12 21:39:00,1,collector_inflow
TX_3594,U_NORM_512,U_NORM_852,320.39,2026-01-12 21:52:00,0,normal
TX_3970,U_NORM_469,U_NORM_847,670.06,2026-01-12 21:52:00,0,normal
TX_2607,U_NORM_356,U_NORM_238,14.08,2026-01-12 21:54:00,0,normal
TX_3233,U_NORM_488,U_NORM_513,663.01,2026-01-12 21:59:00,0,normal
TX_955,U_NORM_892,U_NORM_837,325.92,2026-01-12 21:59:00,0,normal
TX_3620,U_NORM_816,U_NORM_658,416.4,2026-01-12 22:00:00,0,normal
TX_1370,U_NORM_309,U_NORM_212,433.81,2026-01-12 22:08:00,0,normal
TX_2792,U_NORM_355,U_NORM_255,225.04,2026-01-12 22:30:00,0,normal
TX_6316,U_NORM_512,U_COLL_15,5457.38,2026-01-12 22:37:00,1,collector_inflow
TX_6727,U_NORM_76,U_COLL_36,6489.86,2026-01-12 22:44:00,1,collector_inflow
TX_2078,U_NORM_3,U_NORM_101,163.63,2026-01-12 22:52:00,0,normal
TX_3859,U_NORM_461,U_NORM_647,268.84,2026-01-12 22:54:00,0,normal
TX_2601,U_NORM_570,U_NORM_653,451.63,2026-01-12 22:55:00,0,normal
TX_4541,U_NORM_100,U_NORM_361,29.91,2026-01-12 23:11:00,0,normal
TX_3795,U_NORM_97,U_NORM_286,757.79,2026-01-12 23:14:00,0,normal
TX_584,U_NORM_550,U_NORM_631,425.37,2026-01-12 23:45:00,0,normal
TX_1724,U_NORM_673,U_NORM_461,439.26,2026-01-12 23:52:00,0,normal
TX_2144,U_NORM_752,U_NORM_512,44.26,2026-01-12 23:54:00,0,normal
TX_3604,U_NORM_84,U_NORM_361,535.61,2026-01-13 00:13:00,0,normal
TX_7,U_NORM_171,U_NORM_439,736.46,2026-01-13 00:29:00,0,normal
TX_2504,U_NORM_720,U_NORM_688,372.5,2026-01-13 00:33:00,0,normal
TX_4987,U_NORM_441,U_NORM_182,87.87,2026-01-13 00:38:00,0,normal
TX_4224,U_NORM_888,U_NORM_537,119.54,2026-01-13 00:45:00,0,normal
TX_6557,U_NORM_178,U_COLL_26,5645.01,2026-01-13 00:46:00,1,collector_inflow
TX_2645,U_NORM_144,U_NORM_273,472.13,2026-01-13 00:48:00,0,normal
TX_3914,U_NORM_736,U_NORM_745,470.91,2026-01-13 00:59:00,0,normal
TX_5638,U_CRIM_32,U_NORM_240,883.25,2026-01-13 01:07:00,1,criminal_outflow
TX_3724,U_NORM_464,U_NORM_645,183.49,2026-01-13 01:13:00,0,normal
TX_679,U_NORM_138,U_NORM_401,169.51,2026-01-13 01:15:00,0,normal
TX_6854,U_NORM_73,U_COLL_42,7490.98,2026-01-13 01:16:00,1,collector_inflow
TX_5840,U_CRIM_42,U_NORM_548,1984.41,2026-01-13 01:19:00,1,criminal_outflow
TX_5164,U_CRIM_8,U_NORM_862,1978.75,2026-01-13 01:32:00,1,criminal_outflow
TX_1192,U_NORM_851,U_NORM_525,203.5,2026-01-13 01:34:00,0,normal
TX_1932,U_NORM_62,U_NORM_233,734.89,2026-01-13 01:40:00,0,normal
TX_7055,U_NORM_402,U_NORM_680,39.7,2026-01-13 01:52:00,0,bridge
TX_6278,U_NORM_715,U_COLL_12,8388.18,2026-01-13 01:55:00,1,collector_inflow
TX_5068,U_CRIM_3,U_NORM_621,1905.87,2026-01-13 02:09:00,1,criminal_outflow
TX_2970,U_NORM_338,U_NORM_284,670.67,2026-01-13 02:16:00,0,normal
TX_1051,U_NORM_571,U_NORM_844,67.76,2026-01-13 02:29:00,0,normal
TX_5618,U_CRIM_31,U_NORM_148,1486.83,2026-01-13 02:29:00,1,criminal_outflow
TX_6116,U_NORM_134,U_COLL_5,5316.27,2026-01-13 02:44:00,1,collector_inflow
TX_59,U_NORM_644,U_NORM_678,109.97,2026-01-13 02:46:00,0,normal
TX_5113,U_CRIM_5,U_NORM_882,671.78,2026-01-13 02:57:00,1,criminal_outflow
TX_6960,U_NORM_758,U_COLL_46,7415.49,2026-01-13 03:01:00,1,collector_inflow
TX_2481,U_NORM_629,U_NORM_695,699.69,2026-01-13 03:19:00,0,normal
TX_1085,U_NORM_193,U_NORM_248,668.24,2026-01-13 03:22:00,0,normal
TX_2795,U_NORM_45,U_NORM_253,766.16,2026-01-13 03:22:00,0,normal
TX_680,U_NORM_754,U_NORM_744,39.33,2026-01-13 03:26:00,0,normal
TX_3771,U_NORM_555,U_NORM_810,453.38,2026-01-13 03:27:00,0,normal
TX_2963,U_NORM_505,U_NORM_566,98.15,2026-01-13 03:27:00,0,normal
TX_4195,U_NORM_774,U_NORM_535,497.49,2026-01-13 03:48:00,0,normal
TX_3208,U_NORM_26,U_NORM_402,659.09,2026-01-13 03:51:00,0,normal
TX_365,U_NORM_876,U_NORM_882,600.42,2026-01-13 03:56:00,0,normal
TX_4548,U_NORM_573,U_NORM_599,369.39,2026-01-13 03:57:00,0,normal
TX_3296,U_NORM_134,U_NORM_106,282.37,2026-01-13 03:59:00,0,normal
TX_2949,U_NORM_489,U_NORM_495,432.62,2026-01-13 04:03:00,0,normal
TX_5531,U_CRIM_26,U_NORM_416,799.09,2026-01-13 04:05:00,1,criminal_outflow
TX_6168,U_NORM_195,U_COLL_7,9356.0,2026-01-13 04:06:00,1,collector_inflow
TX_642,U_NORM_480,U_NORM_630,583.36,2026-01-13 04:10:00,0,normal
TX_1438,U_NORM_227,U_NORM_22,333.68,2026-01-13 04:18:00,0,normal
TX_693,U_NORM_197,U_NORM_400,572.25,2026-01-13 04:22:00,0,normal
TX_410,U_NORM_826,U_NORM_833,31.78,2026-01-13 04:27:00,0,normal
TX_6149,U_NORM_844,U_COLL_7,9934.22,2026-01-13 04:31:00,1,collector_inflow
TX_5491,U_CRIM_25,U_NORM_850,881.83,2026-01-13 04:39:00,1,criminal_outflow
TX_5650,U_CRIM_32,U_NORM_572,927.44,2026-01-13 04:42:00,1,criminal_outflow
TX_2074,U_NORM_518,U_NORM_491,32.58,2026-01-13 04:48:00,0,normal
TX_2637,U_NORM_746,U_NORM_707,227.43,2026-01-13 04:51:00,0,normal
TX_1930,U_NORM_701,U_NORM_843,195.22,2026-01-13 04:55:00,0,normal
TX_4690,U_NORM_649,U_NORM_524,308.09,2026-01-13 05:01:00,0,normal
TX_661,U_NORM_136,U_NORM_206,119.58,2026-01-13 05:07:00,0,normal
TX_6134,U_NORM_424,U_COLL_6,8621.22,2026-01-13 05:23:00,1,collector_inflow
TX_847,U_NORM_592,U_NORM_514,573.03,2026-01-13 05:26:00,0,normal
TX_6503,U_NORM_169,U_COLL_24,9684.63,2026-01-13 05:38:00,1,collector_inflow
TX_3994,U_NORM_744,U_NORM_839,786.23,2026-01-13 05:40:00,0,normal
TX_4806,U_NORM_584,U_NORM_755,727.67,2026-01-13 06:11:00,0,normal
TX_503,U_NORM_53,U_NORM_39,560.17,2026-01-13 06:15:00,0,normal
TX_3356,U_NORM_441,U_NORM_322,87.55,2026-01-13 06:19:00,0,normal
TX_3026,U_NORM_80,U_NORM_207,303.04,2026-01-13 06:41:00,0,normal
TX_6216,U_NORM_480,U_COLL_9,8868.84,2026-01-13 06:44:00,1,collector_inflow
TX_2514,U_NORM_342,U_NORM_201,206.95,2026-01-13 06:44:00,0,normal
TX_5017,U_CRIM_0,U_NORM_9,1817.97,2026-01-13 06:45:00,1,criminal_outflow
TX_3507,U_NORM_463,U_NORM_516,37.83,2026-01-13 06:47:00,0,normal
TX_6530,U_NORM_216,U_COLL_25,6207.24,2026-01-13 06:49:00,1,collector_inflow
TX_648,U_NORM_599,U_NORM_605,722.73,2026-01-13 06:49:00,0,normal
TX_2156,U_NORM_590,U_NORM_582,180.04,2026-01-13 07:21:00,0,normal
TX_1414,U_NORM_324,U_NORM_301,406.12,2026-01-13 07:26:00,0,normal
TX_5738,U_CRIM_36,U_NORM_214,1934.43,2026-01-13 07:35:00,1,criminal_outflow
TX_5228,U_CRIM_11,U_NORM_90,1395.47,2026-01-13 07:41:00,1,criminal_outflow
TX_3435,U_NORM_197,U_NORM_417,116.91,2026-01-13 07:49:00,0,normal
TX_1384,U_NORM_754,U_NORM_496,455.33,2026-01-13 07:50:00,0,normal
TX_4935,U_NORM_449,U_NORM_315,252.27,2026-01-13 07:52:00,0,normal
TX_776,U_NORM_225,U_NORM_97,653.78,2026-01-13 07:55:00,0,normal
TX_6928,U_NORM_102,U_COLL_45,5614.79,2026-01-13 08:04:00,1,collector_inflow
TX_3387,U_NORM_220,U_NORM_221,603.51,2026-01-13 08:09:00,0,normal
TX_3943,U_NORM_239,U_NORM_237,22.77,2026-01-13 08:10:00,0,normal
TX_4747,U_NORM_595,U_NORM_728,30.57,2026-01-13 08:12:00,0,normal
TX_2433,U_NORM_251,U_NORM_81,233.77,2026-01-13 08:17:00,0,normal
TX_4128,U_NORM_403,U_NORM_63,106.69,2026-01-13 08:17:00,0,normal
TX_2676,U_NORM_447,U_NORM_371,464.64,2026-01-13 08:20:00,0,normal
TX_6626,U_NORM_224,U_COLL_31,8839.01,2026-01-13 08:22:00,1,collector_inflow
TX_4667,U_NORM_371,U_NORM_384,142.65,2026-01-13 08:23:00,0,normal
TX_687,U_NORM_224,U_NORM_230,230.76,2026-01-13 08:40:00,0,normal
TX_4316,U_NORM_165,U_NORM_197,785.19,2026-01-13 08:52:00,0,normal
TX_3140,U_NORM_32,U_NORM_324,123.49,2026-01-13 09:02:00,0,normal
TX_6693,U_NORM_412,U_COLL_34,7430.48,2026-01-13 09:05:00,1,collector_inflow
TX_2372,U_NORM_345,U_NORM_256,561.87,2026-01-13 09:05:00,0,normal
TX_409,U_NORM_680,U_NORM_554,706.24,2026-01-13 09:05:00,0,normal
TX_5311,U_CRIM_16,U_NORM_122,1674.35,2026-01-13 09:11:00,1,criminal_outflow
TX_2918,U_NORM_809,U_NORM_826,600.97,2026-01-13 09:12:00,0,normal
TX_193,U_NORM_270,U_NORM_174,90.47,2026-01-13 09:31:00,0,normal
TX_1402,U_NORM_14,U_NORM_105,304.57,2026-01-13 09:40:00,0,normal
TX_4445,U_NORM_237,U_NORM_201,541.63,2026-01-13 09:45:00,0,normal
TX_3039,U_NORM_691,U_NORM_511,508.2,2026-01-13 10:15:00,0,normal
TX_2909,U_NORM_216,U_NORM_180,785.78,2026-01-13 10:20:00,0,normal
TX_5251,U_CRIM_13,U_NORM_102,1471.66,2026-01-13 10:25:00,1,criminal_outflow
TX_1411,U_NORM_268,U_NORM_112,181.35,2026-01-13 10:35:00,0,normal
TX_6853,U_NORM_156,U_COLL_42,6745.92,2026-01-13 10:40:00,1,collector_inflow
TX_1427,U_NORM_785,U_NORM_543,493.56,2026-01-13 10:40:00,0,normal
TX_6822,U_NORM_129,U_COLL_40,6352.9,2026-01-13 10:57:00,1,collector_inflow
TX_3773,U_NORM_781,U_NORM_638,766.44,2026-01-13 10:57:00,0,normal
TX_6674,U_NORM_571,U_COLL_33,9847.63,2026-01-13 11:04:00,1,collector_inflow
TX_2894,U_NORM_347,U_NORM_43,571.85,2026-01-13 11:05:00,0,normal
TX_743,U_NORM_718,U_NORM_599,279.93,2026-01-13 11:12:00,0,normal
TX_3532,U_NORM_482,U_NORM_700,671.01,2026-01-13 11:14:00,0,normal
TX_5066,U_CRIM_3,U_NORM_439,1842.1,2026-01-13 11:16:00,1,criminal_outflow
TX_4339,U_NORM_93,U_NORM_108,305.95,2026-01-13 11:18:00,0,normal
TX_5178,U_CRIM_9,U_NORM_710,1817.98,2026-01-13 11:20:00,1,criminal_outflow
TX_6309,U_NORM_249,U_COLL_14,8018.68,2026-01-13 11:20:00,1,collector_inflow
TX_5964,U_CRIM_48,U_NORM_886,1463.03,2026-01-13 11:24:00,1,criminal_outflow
TX_2501,U_NORM_176,U_NORM_282,363.62,2026-01-13 11:27:00,0,normal
TX_2456,U_NORM_134,U_NORM_72,452.66,2026-01-13 11:39:00,0,normal
TX_911,U_NORM_558,U_NORM_873,744.42,2026-01-13 11:43:00,0,normal
TX_2852,U_NORM_126,U_NORM_125,764.77,2026-01-13 11:49:00,0,normal
TX_303,U_NORM_582,U_NORM_641,331.77,2026-01-13 11:53:00,0,normal
TX_1052,U_NORM_682,U_NORM_651,408.03,2026-01-13 12:17:00,0,normal
TX_6938,U_NORM_177,U_COLL_45,6896.75,2026-01-13 12:23:00,1,collector_inflow
TX_6091,U_NORM_836,U_COLL_4,7156.31,2026-01-13 12:30:00,1,collector_inflow
TX_1482,U_NORM_862,U_NORM_738,62.18,2026-01-13 12:36:00,0,normal
TX_5379,U_CRIM_19,U_NORM_309,1009.12,2026-01-13 13:03:00,1,criminal_outflow
TX_4102,U_NORM_791,U_NORM_572,793.21,2026-01-13 13:09:00,0,normal
TX_4695,U_NORM_869,U_NORM_764,673.64,2026-01-13 13:15:00,0,normal
TX_5903,U_CRIM_45,U_NORM_494,1319.97,2026-01-13 13:24:00,1,criminal_outflow
TX_798,U_NORM_325,U_NORM_449,702.29,2026-01-13 13:27:00,0,normal
TX_2407,U_NORM_717,U_NORM_632,386.01,2026-01-13 13:36:00,0,normal
TX_4342,U_NORM_233,U_NORM_292,39.7,2026-01-13 13:36:00,0,normal
TX_4204,U_NORM_246,U_NORM_313,668.47,2026-01-13 13:37:00,0,normal
TX_5916,U_CRIM_46,U_NORM_111,1147.57,2026-01-13 13:37:00,1,criminal_outflow
TX_4068,U_NORM_518,U_NORM_572,687.57,2026-01-13 13:44:00,0,normal
TX_6010,U_NORM_202,U_COLL_1,7228.36,2026-01-13 13:46:00,1,collector_inflow
TX_1685,U_NORM_108,U_NORM_326,603.53,2026-01-13 13:52:00,0,normal
TX_2879,U_NORM_762,U_NORM_866,433.77,2026-01-13 13:54:00,0,normal
TX_1887,U_NORM_843,U_NORM_716,548.91,2026-01-13 13:58:00,0,normal
TX_5424,U_CRIM_21,U_NORM_726,1521.42,2026-01-13 14:06:00,1,criminal_outflow
TX_3910,U_NORM_761,U_NORM_587,14.17,2026-01-13 14:08:00,0,normal
TX_612,U_NORM_895,U_NORM_540,147.19,2026-01-13 14:10:00,0,normal
TX_2000,U_NORM_256,U_NORM_32,55.77,2026-01-13 14:12:00,0,normal
TX_7003,U_NORM_567,U_COLL_48,6305.99,2026-01-13 14:16:00,1,collector_inflow
TX_6875,U_NORM_44,U_COLL_43,6960.38,2026-01-13 14:16:00,1,collector_inflow
TX_880,U_NORM_868,U_NORM_472,720.57,2026-01-13 14:16:00,0,normal
TX_5777,U_CRIM_39,U_NORM_739,1489.78,2026-01-13 14:20:00,1,criminal_outflow
TX_2984,U_NORM_144,U_NORM_35,642.0,2026-01-13 14:25:00,0,normal
TX_4514,U_NORM_170,U_NORM_27,41.43,2026-01-13 14:26:00,0,normal
TX_2668,U_NORM_631,U_NORM_495,43.86,2026-01-13 14:49:00,0,normal
TX_2550,U_NORM_817,U_NORM_830,61.32,2026-01-13 14:55:00,0,normal
TX_1877,U_NORM_338,U_NORM_155,281.51,2026-01-13 14:57:00,0,normal
TX_2096,U_NORM_495,U_NORM_568,265.4,2026-01-13 14:57:00,0,normal
TX_5402,U_CRIM_20,U_NORM_239,1988.42,2026-01-13 15:07:00,1,criminal_outflow
TX_7033,U_NORM_513,U_COLL_49,5034.62,2026-01-13 15:10:00,1,collector_inflow
TX_3613,U_NORM_612,U_NORM_860,204.41,2026-01-13 15:13:00,0,normal
TX_1799,U_NORM_6,U_NORM_331,311.1,2026-01-13 15:16:00,0,normal
TX_5943,U_CRIM_47,U_NORM_196,1130.46,2026-01-13 15:21:00,1,criminal_outflow
TX_5289,U_CRIM_14,U_NORM_171,1614.43,2026-01-13 15:26:00,1,criminal_outflow
TX_4409,U_NORM_167,U_NORM_308,428.3,2026-01-13 15:30:00,0,normal
TX_672,U_NORM_371,U_NORM_214,639.55,2026-01-13 15:37:00,0,normal
TX_3110,U_NORM_638,U_NORM_871,642.18,2026-01-13 15:38:00,0,normal
TX_5458,U_CRIM_23,U_NORM_24,895.22,2026-01-13 15:45:00,1,criminal_outflow
TX_380,U_NORM_784,U_NORM_486,766.37,2026-01-13 15:59:00,0,normal
TX_3953,U_NORM_61,U_NORM_95,754.84,2026-01-13 16:08:00,0,normal
TX_1531,U_NORM_212,U_NORM_383,97.92,2026-01-13 16:11:00,0,normal
TX_5619,U_CRIM_31,U_NORM_806,675.69,2026-01-13 16:14:00,1,criminal_outflow
TX_1749,U_NORM_859,U_NORM_612,744.4,2026-01-13 16:20:00,0,normal
TX_3073,U_NORM_344,U_NORM_324,642.56,2026-01-13 16:20:00,0,normal
TX_6249,U_NORM_664,U_COLL_11,9609.2,2026-01-13 16:29:00,1,collector_inflow
TX_4955,U_NORM_736,U_NORM_694,150.04,2026-01-13 16:32:00,0,normal
TX_1182,U_NORM_569,U_NORM_870,609.91,2026-01-13 16:33:00,0,normal
TX_1262,U_NORM_442,U_NORM_148,663.92,2026-01-13 16:34:00,0,normal
TX_3662,U_NORM_81,U_NORM_258,506.0,2026-01-13 16:38:00,0,normal
TX_3057,U_NORM_483,U_NORM_638,24.91,2026-01-13 16:46:00,0,normal
TX_1014,U_NORM_382,U_NORM_295,784.06,2026-01-13 16:47:00,0,normal
TX_5981,U_CRIM_49,U_NORM_150,1830.7,2026-01-13 16:47:00,1,criminal_outflow
TX_3854,U_NORM_482,U_NORM_535,562.84,2026-01-13 17:03:00,0,normal
TX_6657,U_NORM_531,U_COLL_32,7283.98,2026-01-13 17:05:00,1,collector_inflow
TX_1622,U_NORM_788,U_NORM_481,679.89,2026-01-13 17:10:00,0,normal
TX_1153,U_NORM_409,U_NORM_272,337.12,2026-01-13 17:10:00,0,normal
TX_6981,U_NORM_158,U_COLL_47,9080.01,2026-01-13 17:20:00,1,collector_inflow
TX_575,U_NORM_344,U_NORM_108,417.63,2026-01-13 17:22:00,0,normal
TX_1791,U_NORM_385,U_NORM_96,599.96,2026-01-13 17:40:00,0,normal
TX_3851,U_NORM_211,U_NORM_33,100.43,2026-01-13 17:50:00,0,normal
TX_108,U_NORM_550,U_NORM_585,727.11,2026-01-13 17:57:00,0,normal
TX_3957,U_NORM_457,U_NORM_655,210.3,2026-01-13 18:00:00,0,normal
TX_4351,U_NORM_227,U_NORM_64,732.12,2026-01-13 18:09:00,0,normal
TX_6183,U_NORM_402,U_COLL_8,8970.7,2026-01-13 18:15:00,1,collector_inflow
TX_4744,U_NORM_536,U_NORM_623,528.38,2026-01-13 18:16:00,0,normal
TX_4780,U_NORM_118,U_NORM_195,489.44,2026-01-13 18:18:00,0,normal
TX_5454,U_CRIM_23,U_NORM_12,1953.96,2026-01-13 18:25:00,1,criminal_outflow
TX_6136,U_NORM_591,U_COLL_6,5959.94,2026-01-13 18:27:00,1,collector_inflow
TX_3132,U_NORM_234,U_NORM_84,27.92,2026-01-13 18:31:00,0,normal
TX_377,U_NORM_470,U_NORM_715,367.98,2026-01-13 18:32:00,0,normal
TX_4046,U_NORM_122,U_NORM_357,466.45,2026-01-13 18:33:00,0,normal
TX_3133,U_NORM_797,U_NORM_810,124.14,2026-01-13 18:42:00,0,normal
TX_5828,U_CRIM_41,U_NORM_452,788.18,2026-01-13 18:56:00,1,criminal_outflow
TX_1984,U_NORM_646,U_NORM_631,31.19,2026-01-13 19:09:00,0,normal
TX_1114,U_NORM_526,U_NORM_669,745.37,2026-01-13 19:15:00,0,normal
TX_6923,U_NORM_727,U_COLL_45,5029.95,2026-01-13 19:15:00,1,collector_inflow
TX_2574,U_NORM_516,U_NORM_784,67.35,2026-01-13 19:27:00,0,normal
TX_774,U_NORM_454,U_NORM_571,110.79,2026-01-13 19:27:00,0,normal
TX_6560,U_NORM_141,U_COLL_27,8544.57,2026-01-13 19:30:00,1,collector_inflow
TX_520,U_NORM_257,U_NORM_357,705.54,2026-01-13 19:34:00,0,normal
TX_2654,U_NORM_301,U_NORM_435,757.18,2026-01-13 19:42:00,0,normal
TX_4050,U_NORM_104,U_NORM_145,582.27,2026-01-13 19:44:00,0,normal
TX_3364,U_NORM_582,U_NORM_769,657.55,2026-01-13 19:58:00,0,normal
TX_11,U_NORM_428,U_NORM_416,190.58,2026-01-13 20:00:00,0,normal
TX_2587,U_NORM_64,U_NORM_6,558.73,2026-01-13 20:05:00,0,normal
TX_2983,U_NORM_296,U_NORM_369,781.21,2026-01-13 20:07:00,0,normal
TX_769,U_NORM_631,U_NORM_786,479.34,2026-01-13 20:12:00,0,normal
TX_2562,U_NORM_102,U_NORM_151,459.46,2026-01-13 20:18:00,0,normal
TX_4267,U_NORM_174,U_NORM_256,395.2,2026-01-13 20:18:00,0,normal
TX_6486,U_NORM_300,U_COLL_23,9624.21,2026-01-13 20:20:00,1,collector_inflow
TX_1689,U_NORM_273,U_NORM_160,175.08,2026-01-13 20:31:00,0,normal
TX_1641,U_NORM_800,U_NORM_497,590.51,2026-01-13 20:33:00,0,normal
TX_5562,U_CRIM_29,U_NORM_858,559.61,2026-01-13 20:37:00,1,criminal_outflow
TX_2695,U_NORM_31,U_NORM_290,614.26,2026-01-13 20:42:00,0,normal
TX_1611,U_NORM_244,U_NORM_137,541.69,2026-01-13 20:47:00,0,normal
TX_1077,U_NORM_851,U_NORM_748,102.95,2026-01-13 20:48:00,0,normal
TX_1515,U_NORM_189,U_NORM_261,107.33,2026-01-13 21:03:00,0,normal
TX_3001,U_NORM_871,U_NORM_881,44.61,2026-01-13 21:06:00,0,normal
TX_6367,U_NORM_18,U_COLL_18,5719.25,2026-01-13 21:09:00,1,collector_inflow
TX_1935,U_NORM_497,U_NORM_811,263.4,2026-01-13 21:11:00,0,normal
TX_2039,U_NORM_22,U_NORM_435,83.26,2026-01-13 21:16:00,0,normal
TX_4142,U_NORM_6,U_NORM_14,158.81,2026-01-13 21:26:00,0,normal
TX_1025,U_NORM_508,U_NORM_750,745.21,2026-01-13 21:28:00,0,normal
TX_3147,U_NORM_46,U_NORM_141,280.48,2026-01-13 21:52:00,0,normal
TX_1726,U_NORM_260,U_NORM_259,276.58,2026-01-13 21:58:00,0,normal
TX_5138,U_CRIM_7,U_NORM_609,1765.63,2026-01-13 22:16:00,1,criminal_outflow
TX_817,U_NORM_49,U_NORM_76,425.12,2026-01-13 22:29:00,0,normal
TX_2737,U_NORM_873,U_NORM_788,19.92,2026-01-13 22:33:00,0,normal
TX_5441,U_CRIM_23,U_NORM_786,1887.67,2026-01-13 22:42:00,1,criminal_outflow
TX_5077,U_CRIM_4,U_NORM_775,1690.41,2026-01-13 22:47:00,1,criminal_outflow
TX_2659,U_NORM_104,U_NORM_387,327.64,2026-01-13 22:48:00,0,normal
TX_3149,U_NORM_323,U_NORM_181,166.13,2026-01-13 22:58:00,0,normal
TX_5440,U_CRIM_22,U_NORM_668,1611.8,2026-01-13 23:06:00,1,criminal_outflow
TX_253,U_NORM_710,U_NORM_769,514.82,2026-01-13 23:07:00,0,normal
TX_3187,U_NORM_489,U_NORM_880,773.63,2026-01-13 23:23:00,0,normal
TX_6872,U_NORM_455,U_COLL_43,6701.9,2026-01-13 23:25:00,1,collector_inflow
TX_4563,U_NORM_76,U_NORM_131,182.48,2026-01-13 23:29:00,0,normal
TX_4665,U_NORM_611,U_NORM_571,148.79,2026-01-13 23:44:00,0,normal
TX_3967,U_NORM_462,U_NORM_687,547.03,2026-01-13 23:49:00,0,normal
TX_3758,U_NORM_714,U_NORM_469,790.67,2026-01-14 00:00:00,0,normal
TX_4860,U_NORM_784,U_NORM_584,303.72,2026-01-14 00:14:00,0,normal
TX_479,U_NORM_338,U_NORM_365,438.75,2026-01-14 00:31:00,0,normal
TX_1251,U_NORM_246,U_NORM_69,438.22,2026-01-14 00:49:00,0,normal
TX_919,U_NORM_460,U_NORM_608,690.51,2026-01-14 00:50:00,0,normal
TX_20,U_NORM_210,U_NORM_426,291.14,2026-01-14 00:55:00,0,normal
TX_98,U_NORM_319,U_NORM_425,429.82,2026-01-14 01:05:00,0,normal
TX_926,U_NORM_832,U_NORM_538,423.96,2026-01-14 01:09:00,0,normal
TX_6491,U_NORM_255,U_COLL_23,8193.02,2026-01-14 01:15:00,1,collector_inflow
TX_1672,U_NORM_440,U_NORM_119,542.8,2026-01-14 01:27:00,0,normal
TX_835,U_NORM_573,U_NORM_562,424.74,2026-01-14 01:36:00,0,normal
TX_2129,U_NORM_705,U_NORM_602,339.26,2026-01-14 01:46:00,0,normal
TX_1965,U_NORM_698,U_NORM_603,151.66,2026-01-14 01:50:00,0,normal
TX_4268,U_NORM_351,U_NORM_253,284.21,2026-01-14 01:59:00,0,normal
TX_6000,U_NORM_304,U_COLL_0,7242.64,2026-01-14 02:01:00,1,collector_inflow
TX_6776,U_NORM_336,U_COLL_38,6660.4,2026-01-14 02:04:00,1,collector_inflow
TX_6412,U_NORM_598,U_COLL_19,8524.43,2026-01-14 02:14:00,1,collector_inflow
TX_5818,U_CRIM_41,U_NORM_150,1123.61,2026-01-14 02:22:00,1,criminal_outflow
TX_3614,U_NORM_13,U_NORM_45,260.06,2026-01-14 02:22:00,0,normal
TX_5581,U_CRIM_29,U_NORM_430,1532.58,2026-01-14 02:24:00,1,criminal_outflow
TX_6670,U_NORM_296,U_COLL_33,8949.49,2026-01-14 02:28:00,1,collector_inflow
TX_471,U_NORM_639,U_NORM_816,116.42,2026-01-14 02:39:00,0,normal
TX_2856,U_NORM_881,U_NORM_618,126.83,2026-01-14 02:41:00,0,normal
TX_6294,U_NORM_218,U_COLL_13,9163.69,2026-01-14 02:45:00,1,collector_inflow
TX_6851,U_NORM_431,U_COLL_42,7270.81,2026-01-14 02:56:00,1,collector_inflow
TX_3389,U_NORM_608,U_NORM_663,609.13,2026-01-14 02:57:00,0,normal
TX_6034,U_NORM_516,U_COLL_2,9849.47,2026-01-14 02:58:00,1,collector_inflow
TX_6634,U_NORM_626,U_COLL_31,8079.45,2026-01-14 03:15:00,1,collector_inflow
TX_5980,U_CRIM_49,U_NORM_681,1760.0,2026-01-14 03:23:00,1,criminal_outflow
TX_950,U_NORM_95,U_NORM_184,61.16,2026-01-14 03:25:00,0,normal
TX_95,U_NORM_352,U_NORM_13,653.74,2026-01-14 03:29:00,0,normal
TX_5367,U_CRIM_19,U_NORM_817,1902.76,2026-01-14 03:40:00,1,criminal_outflow
TX_4181,U_NORM_41,U_NORM_59,19.98,2026-01-14 03:41:00,0,normal
TX_1086,U_NORM_327,U_NORM_245,188.46,2026-01-14 04:01:00,0,normal
TX_2034,U_NORM_825,U_NORM_892,477.5,2026-01-14 04:09:00,0,normal
TX_4260,U_NORM_671,U_NORM_452,143.37,2026-01-14 04:15:00,0,normal
TX_4559,U_NORM_890,U_NORM_752,569.83,2026-01-14 04:22:00,0,normal
TX_6574,U_NORM_189,U_COLL_27,8851.09,2026-01-14 04:28:00,1,collector_inflow
TX_1144,U_NORM_162,U_NORM_109,544.87,2026-01-14 04:31:00,0,normal
TX_4516,U_NORM_835,U_NORM_799,360.28,2026-01-14 04:32:00,0,normal
TX_814,U_NORM_306,U_NORM_167,529.13,2026-01-14 04:36:00,0,normal
TX_6876,U_NORM_229,U_COLL_43,5199.69,2026-01-14 04:38:00,1,collector_inflow
TX_2042,U_NORM_341,U_NORM_37,92.06,2026-01-14 04:44:00,0,normal
TX_4391,U_NORM_773,U_NORM_595,266.19,2026-01-14 04:55:00,0,normal
TX_4835,U_NORM_807,U_NORM_686,705.33,2026-01-14 04:55:00,0,normal
TX_5408,U_CRIM_21,U_NORM_413,1792.95,2026-01-14 05:01:00,1,criminal_outflow
TX_1721,U_NORM_70,U_NORM_142,114.04,2026-01-14 05:03:00,0,normal
TX_849,U_NORM_100,U_NORM_37,75.49,2026-01-14 05:06:00,0,normal
TX_2400,U_NORM_746,U_NORM_699,679.08,2026-01-14 05:06:00,0,normal
TX_5976,U_CRIM_49,U_NORM_369,1408.24,2026-01-14 05:10:00,1,criminal_outflow
TX_2363,U_NORM_315,U_NORM_414,659.07,2026-01-14 05:14:00,0,normal
TX_684,U_NORM_297,U_NORM_226,119.72,2026-01-14 05:27:00,0,normal
TX_6999,U_NORM_400,U_COLL_48,8021.0,2026-01-14 05:28:00,1,collector_inflow
TX_4329,U_NORM_123,U_NORM_268,191.53,2026-01-14 05:28:00,0,normal
TX_1178,U_NORM_129,U_NORM_269,511.42,2026-01-14 05:54:00,0,normal
TX_2495,U_NORM_615,U_NORM_721,71.57,2026-01-14 05:57:00,0,normal
TX_5334,U_CRIM_16,U_NORM_319,1160.02,2026-01-14 06:05:00,1,criminal_outflow
TX_6796,U_NORM_622,U_COLL_39,9267.8,2026-01-14 06:10:00,1,collector_inflow
TX_5908,U_CRIM_45,U_NORM_800,811.41,2026-01-14 06:30:00,1,criminal_outflow
TX_6792,U_NORM_656,U_COLL_39,8075.65,2026-01-14 06:35:00,1,collector_inflow
TX_1568,U_NORM_643,U_NORM_752,182.93,2026-01-14 06:38:00,0,normal
TX_5030,U_CRIM_1,U_NORM_287,1900.98,2026-01-14 06:40:00,1,criminal_outflow
TX_6968,U_NORM_805,U_COLL_46,5102.28,2026-01-14 06:45:00,1,collector_inflow
TX_2309,U_NORM_718,U_NORM_593,720.27,2026-01-14 06:47:00,0,normal
TX_2832,U_NORM_196,U_NORM_116,385.45,2026-01-14 06:47:00,0,normal
TX_3465,U_NORM_291,U_NORM_185,215.69,2026-01-14 06:56:00,0,normal
TX_3041,U_NORM_373,U_NORM_150,526.43,2026-01-14 07:01:00,0,normal
TX_2622,U_NORM_123,U_NORM_304,362.18,2026-01-14 07:05:00,0,normal
TX_2515,U_NORM_641,U_NORM_529,171.63,2026-01-14 07:09:00,0,normal
TX_4558,U_NORM_865,U_NORM_485,333.73,2026-01-14 07:09:00,0,normal
TX_1213,U_NORM_590,U_NORM_569,432.23,2026-01-14 07:24:00,0,normal
TX_370,U_NORM_613,U_NORM_860,239.36,2026-01-14 07:26:00,0,normal
TX_6795,U_NORM_809,U_COLL_39,8046.47,2026-01-14 07:31:00,1,collector_inflow
TX_2620,U_NORM_206,U_NORM_215,619.27,2026-01-14 07:45:00,0,normal
TX_4791,U_NORM_376,U_NORM_235,350.12,2026-01-14 07:47:00,0,normal
TX_738,U_NORM_36,U_NORM_386,220.56,2026-01-14 07:50:00,0,normal
TX_3103,U_NORM_619,U_NORM_807,731.25,2026-01-14 07:53:00,0,normal
TX_6980,U_NORM_659,U_COLL_47,9641.79,2026-01-14 07:59:00,1,collector_inflow
TX_908,U_NORM_363,U_NORM_213,273.41,2026-01-14 08:00:00,0,normal
TX_3425,U_NORM_775,U_NORM_792,732.52,2026-01-14 08:04:00,0,normal
TX_6543,U_NORM_497,U_COLL_26,5655.94,2026-01-14 08:14:00,1,collector_inflow
TX_6063,U_NORM_118,U_COLL_3,9930.48,2026-01-14 08:28:00,1,collector_inflow
TX_2195,U_NORM_229,U_NORM_399,514.99,2026-01-14 08:29:00,0,normal
TX_6575,U_NORM_5,U_COLL_27,7250.18,2026-01-14 08:47:00,1,collector_inflow
TX_3153,U_NORM_802,U_NORM_460,204.15,2026-01-14 08:49:00,0,normal
TX_6804,U_NORM_456,U_COLL_40,6082.59,2026-01-14 08:50:00,1,collector_inflow
TX_903,U_NORM_40,U_NORM_153,644.72,2026-01-14 09:09:00,0,normal
TX_6192,U_NORM_116,U_COLL_8,8994.13,2026-01-14 09:34:00,1,collector_inflow
TX_3712,U_NORM_513,U_NORM_886,641.35,2026-01-14 09:35:00,0,normal
TX_3917,U_NORM_320,U_NORM_310,26.19,2026-01-14 09:53:00,0,normal
TX_1189,U_NORM_245,U_NORM_290,480.25,2026-01-14 09:54:00,0,normal
TX_1102,U_NORM_331,U_NORM_313,226.31,2026-01-14 09:54:00,0,normal
TX_4803,U_NORM_463,U_NORM_688,292.43,2026-01-14 09:58:00,0,normal
TX_3089,U_NORM_606,U_NORM_670,63.7,2026-01-14 10:02:00,0,normal
TX_5062,U_CRIM_3,U_NORM_144,1717.3,2026-01-14 10:11:00,1,criminal_outflow
TX_2033,U_NORM_388,U_NORM_121,442.66,2026-01-14 10:13:00,0,normal
TX_4823,U_NORM_205,U_NORM_122,723.42,2026-01-14 10:16:00,0,normal
TX_6696,U_NORM_816,U_COLL_34,9480.91,2026-01-14 10:45:00,1,collector_inflow
TX_32,U_NORM_387,U_NORM_74,420.01,2026-01-14 10:50:00,0,normal
TX_4633,U_NORM_249,U_NORM_382,254.46,2026-01-14 10:51:00,0,normal
TX_4738,U_NORM_194,U_NORM_2,19.7,2026-01-14 10:51:00,0,normal
TX_5832,U_CRIM_41,U_NORM_274,1365.23,2026-01-14 10:53:00,1,criminal_outflow
TX_5222,U_CRIM_10,U_NORM_571,1475.98,2026-01-14 11:26:00,1,criminal_outflow
TX_78,U_NORM_577,U_NORM_799,28.46,2026-01-14 11:27:00,0,normal
TX_1257,U_NORM_62,U_NORM_47,403.81,2026-01-14 11:41:00,0,normal
TX_5384,U_CRIM_20,U_NORM_672,833.29,2026-01-14 11:43:00,1,criminal_outflow
TX_4666,U_NORM_19,U_NORM_63,119.65,2026-01-14 11:47:00,0,normal
TX_4907,U_NORM_647,U_NORM_845,528.02,2026-01-14 11:47:00,0,normal
TX_459,U_NORM_454,U_NORM_759,440.09,2026-01-14 11:53:00,0,normal
TX_3215,U_NORM_366,U_NORM_39,434.56,2026-01-14 11:56:00,0,normal
TX_6389,U_NORM_651,U_COLL_19,5652.82,2026-01-14 11:56:00,1,collector_inflow
TX_1822,U_NORM_858,U_NORM_816,519.0,2026-01-14 12:02:00,0,normal
TX_1282,U_NORM_218,U_NORM_15,413.12,2026-01-14 12:08:00,0,normal
TX_1526,U_NORM_557,U_NORM_594,39.39,2026-01-14 12:16:00,0,normal
TX_4176,U_NORM_82,U_NORM_181,115.79,2026-01-14 12:18:00,0,normal
TX_5900,U_CRIM_45,U_NORM_198,1603.64,2026-01-14 12:27:00,1,criminal_outflow
TX_2395,U_NORM_199,U_NORM_243,44.03,2026-01-14 12:46:00,0,normal
TX_6417,U_NORM_852,U_COLL_20,9318.72,2026-01-14 12:49:00,1,collector_inflow
TX_3936,U_NORM_118,U_NORM_15,416.02,2026-01-14 12:55:00,0,normal
TX_5727,U_CRIM_36,U_NORM_723,1412.49,2026-01-14 12:59:00,1,criminal_outflow
TX_5146,U_CRIM_7,U_NORM_399,1203.12,2026-01-14 12:59:00,1,criminal_outflow
TX_4821,U_NORM_123,U_NORM_155,325.12,2026-01-14 13:19:00,0,normal
TX_932,U_NORM_470,U_NORM_521,488.54,2026-01-14 13:25:00,0,normal
TX_4003,U_NORM_848,U_NORM_835,419.84,2026-01-14 13:34:00,0,normal
TX_4583,U_NORM_306,U_NORM_402,751.34,2026-01-14 13:47:00,0,normal
TX_508,U_NORM_306,U_NORM_132,606.43,2026-01-14 13:54:00,0,normal
TX_4651,U_NORM_820,U_NORM_827,569.16,2026-01-14 13:55:00,0,normal
TX_5095,U_CRIM_5,U_NORM_247,1956.44,2026-01-14 14:09:00,1,criminal_outflow
TX_4490,U_NORM_274,U_NORM_227,30.68,2026-01-14 14:20:00,0,normal
TX_4031,U_NORM_441,U_NORM_300,104.8,2026-01-14 14:29:00,0,normal
TX_6360,U_NORM_66,U_COLL_18,6078.49,2026-01-14 14:33:00,1,collector_inflow
TX_5795,U_CRIM_40,U_NORM_507,1676.48,2026-01-14 14:37:00,1,criminal_outflow
TX_3861,U_NORM_582,U_NORM_591,211.89,2026-01-14 14:38:00,0,normal
TX_6357,U_NORM_190,U_COLL_17,7960.65,2026-01-14 14:48:00,1,collector_inflow
TX_4242,U_NORM_372,U_NORM_258,301.55,2026-01-14 14:51:00,0,normal
TX_4170,U_NORM_522,U_NORM_762,279.45,2026-01-14 14:52:00,0,normal
TX_4279,U_NORM_763,U_NORM_536,429.59,2026-01-14 14:57:00,0,normal
TX_4661,U_NORM_84,U_NORM_291,500.57,2026-01-14 15:00:00,0,normal
TX_699,U_NORM_566,U_NORM_657,324.47,2026-01-14 15:01:00,0,normal
TX_6071,U_NORM_587,U_COLL_3,8225.68,2026-01-14 15:04:00,1,collector_inflow
TX_6334,U_NORM_872,U_COLL_16,7908.0,2026-01-14 15:05:00,1,collector_inflow
TX_1595,U_NORM_149,U_NORM_112,25.67,2026-01-14 15:08:00,0,normal
TX_2311,U_NORM_537,U_NORM_746,496.98,2026-01-14 15:15:00,0,normal
TX_446,U_NORM_624,U_NORM_705,141.7,2026-01-14 15:15:00,0,normal
TX_357,U_NORM_822,U_NORM_815,499.75,2026-01-14 15:31:00,0,normal
TX_6518,U_NORM_821,U_COLL_25,8545.09,2026-01-14 15:33:00,1,collector_inflow
TX_3369,U_NORM_437,U_NORM_6,244.27,2026-01-14 15:33:00,0,normal
TX_3958,U_NORM_762,U_NORM_570,226.57,2026-01-14 15:35:00,0,normal
TX_5834,U_CRIM_42,U_NORM_827,1528.08,2026-01-14 15:47:00,1,criminal_outflow
TX_2870,U_NORM_113,U_NORM_384,775.53,2026-01-14 16:04:00,0,normal
TX_6288,U_NORM_289,U_COLL_13,5187.22,2026-01-14 16:06:00,1,collector_inflow
TX_2234,U_NORM_498,U_NORM_561,656.11,2026-01-14 16:14:00,0,normal
TX_1763,U_NORM_766,U_NORM_513,645.39,2026-01-14 16:24:00,0,normal
TX_5442,U_CRIM_23,U_NORM_303,936.98,2026-01-14 16:43:00,1,criminal_outflow
TX_1095,U_NORM_615,U_NORM_837,639.75,2026-01-14 16:58:00,0,normal
TX_1592,U_NORM_831,U_NORM_739,737.74,2026-01-14 17:00:00,0,normal
TX_1855,U_NORM_342,U_NORM_116,505.46,2026-01-14 17:01:00,0,normal
TX_5511,U_CRIM_25,U_NORM_140,1152.26,2026-01-14 17:09:00,1,criminal_outflow
TX_2327,U_NORM_744,U_NORM_587,721.79,2026-01-14 17:20:00,0,normal
TX_1970,U_NORM_621,U_NORM_683,306.56,2026-01-14 17:26:00,0,normal
TX_2091,U_NORM_891,U_NORM_743,769.16,2026-01-14 17:29:00,0,normal
TX_242,U_NORM_110,U_NORM_41,491.4,2026-01-14 17:34:00,0,normal
TX_1191,U_NORM_594,U_NORM_663,133.9,2026-01-14 17:40:00,0,normal
TX_4663,U_NORM_24,U_NORM_305,238.97,2026-01-14 17:43:00,0,normal
TX_519,U_NORM_798,U_NORM_822,129.67,2026-01-14 17:45:00,0,normal
TX_2494,U_NORM_638,U_NORM_674,424.91,2026-01-14 17:55:00,0,normal
TX_5958,U_CRIM_48,U_NORM_196,1261.48,2026-01-14 18:03:00,1,criminal_outflow
TX_3744,U_NORM_836,U_NORM_611,756.36,2026-01-14 18:03:00,0,normal
TX_5634,U_CRIM_31,U_NORM_473,1860.19,2026-01-14 18:14:00,1,criminal_outflow
TX_47,U_NORM_122,U_NORM_251,271.06,2026-01-14 18:16:00,0,normal
TX_4674,U_NORM_807,U_NORM_678,87.55,2026-01-14 18:17:00,0,normal
TX_5277,U_CRIM_14,U_NORM_19,1953.43,2026-01-14 18:28:00,1,criminal_outflow
TX_4502,U_NORM_816,U_NORM_589,786.04,2026-01-14 18:30:00,0,normal
TX_3407,U_NORM_804,U_NORM_710,568.09,2026-01-14 18:32:00,0,normal
TX_5629,U_CRIM_31,U_NORM_825,1318.03,2026-01-14 18:33:00,1,criminal_outflow
TX_6374,U_NORM_390,U_COLL_18,9141.91,2026-01-14 18:36:00,1,collector_inflow
TX_2568,U_NORM_318,U_NORM_108,790.2,2026-01-14 18:41:00,0,normal
TX_4417,U_NORM_90,U_NORM_192,79.09,2026-01-14 18:43:00,0,normal
TX_3939,U_NORM_631,U_NORM_473,489.66,2026-01-14 18:44:00,0,normal
TX_4605,U_NORM_104,U_NORM_168,462.33,2026-01-14 18:46:00,0,normal
TX_4657,U_NORM_292,U_NORM_45,306.53,2026-01-14 18:57:00,0,normal
TX_3248,U_NORM_466,U_NORM_814,472.9,2026-01-14 19:00:00,0,normal
TX_5101,U_CRIM_5,U_NORM_546,1228.83,2026-01-14 19:25:00,1,criminal_outflow
TX_2496,U_NORM_592,U_NORM_453,702.74,2026-01-14 19:30:00,0,normal
TX_2824,U_NORM_566,U_NORM_482,677.17,2026-01-14 19:32:00,0,normal
TX_3048,U_NORM_814,U_NORM_458,161.46,2026-01-14 19:33:00,0,normal
TX_4982,U_NORM_186,U_NORM_427,164.96,2026-01-14 19:38:00,0,normal
TX_1345,U_NORM_149,U_NORM_330,508.41,2026-01-14 19:46:00,0,normal
TX_3619,U_NORM_171,U_NORM_239,718.8,2026-01-14 19:48:00,0,normal
TX_2998,U_NORM_443,U_NORM_213,531.14,2026-01-14 19:57:00,0,normal
TX_2889,U_NORM_199,U_NORM_279,591.91,2026-01-14 20:00:00,0,normal
TX_4611,U_NORM_534,U_NORM_675,290.43,2026-01-14 20:02:00,0,normal
TX_3562,U_NORM_608,U_NORM_780,378.38,2026-01-14 20:02:00,0,normal
TX_447,U_NORM_804,U_NORM_559,282.52,2026-01-14 20:06:00,0,normal
TX_689,U_NORM_572,U_NORM_741,203.83,2026-01-14 20:07:00,0,normal
TX_297,U_NORM_105,U_NORM_299,717.13,2026-01-14 20:13:00,0,normal
TX_4492,U_NORM_86,U_NORM_47,715.02,2026-01-14 20:15:00,0,normal
TX_1238,U_NORM_125,U_NORM_126,757.25,2026-01-14 20:20:00,0,normal
TX_5130,U_CRIM_6,U_NORM_162,1667.76,2026-01-14 20:24:00,1,criminal_outflow
TX_2649,U_NORM_678,U_NORM_740,352.67,2026-01-14 20:26:00,0,normal
TX_2140,U_NORM_707,U_NORM_664,449.43,2026-01-14 20:33:00,0,normal
TX_2362,U_NORM_198,U_NORM_411,325.35,2026-01-14 20:39:00,0,normal
TX_4576,U_NORM_103,U_NORM_44,587.24,2026-01-14 20:47:00,0,normal
TX_439,U_NORM_640,U_NORM_795,602.74,2026-01-14 20:50:00,0,normal
TX_1815,U_NORM_497,U_NORM_791,170.92,2026-01-14 21:00:00,0,normal
TX_6289,U_NORM_541,U_COLL_13,7445.69,2026-01-14 21:02:00,1,collector_inflow
TX_4887,U_NORM_429,U_NORM_405,110.07,2026-01-14 21:05:00,0,normal
TX_6130,U_NORM_78,U_COLL_6,7677.16,2026-01-14 21:11:00,1,collector_inflow
TX_6457,U_NORM_355,U_COLL_22,5916.76,2026-01-14 21:28:00,1,collector_inflow
TX_1269,U_NORM_582,U_NORM_555,556.03,2026-01-14 21:30:00,0,normal
TX_117,U_NORM_191,U_NORM_179,585.06,2026-01-14 21:36:00,0,normal
TX_3112,U_NORM_248,U_NORM_397,27.69,2026-01-14 21:36:00,0,normal
TX_1995,U_NORM_414,U_NORM_288,613.21,2026-01-14 21:40:00,0,normal
TX_720,U_NORM_75,U_NORM_382,31.05,2026-01-14 21:48:00,0,normal
TX_1456,U_NORM_685,U_NORM_638,33.29,2026-01-14 21:56:00,0,normal
TX_6408,U_NORM_850,U_COLL_19,5454.7,2026-01-14 22:08:00,1,collector_inflow
TX_5301,U_CRIM_15,U_NORM_757,806.12,2026-01-14 22:10:00,1,criminal_outflow
TX_1640,U_NORM_101,U_NORM_299,325.54,2026-01-14 22:11:00,0,normal
TX_5590,U_CRIM_30,U_NORM_593,566.96,2026-01-14 22:29:00,1,criminal_outflow
TX_7028,U_NORM_772,U_COLL_49,5024.41,2026-01-14 22:42:00,1,collector_inflow
TX_3028,U_NORM_373,U_NORM_114,489.93,2026-01-14 22:45:00,0,normal
TX_293,U_NORM_308,U_NORM_17,474.55,2026-01-14 23:07:00,0,normal
TX_6100,U_NORM_785,U_COLL_4,6114.41,2026-01-14 23:16:00,1,collector_inflow
TX_994,U_NORM_285,U_NORM_93,738.2,2026-01-14 23:16:00,0,normal
TX_2364,U_NORM_155,U_NORM_203,767.16,2026-01-14 23:28:00,0,normal
TX_3905,U_NORM_26,U_NORM_351,9.89,2026-01-14 23:45:00,0,normal
TX_1155,U_NORM_686,U_NORM_667,386.99,2026-01-14 23:52:00,0,normal
TX_275,U_NORM_745,U_NORM_756,279.11,2026-01-14 23:58:00,0,normal
TX_2517,U_NORM_297,U_NORM_105,531.27,2026-01-15 00:19:00,0,normal
TX_5105,U_CRIM_5,U_NORM_457,1957.78,2026-01-15 00:24:00,1,criminal_outflow
TX_6096,U_NORM_26,U_COLL_4,5547.97,2026-01-15 00:27:00,1,collector_inflow
TX_3657,U_NORM_800,U_NORM_795,163.69,2026-01-15 00:34:00,0,normal
TX_448,U_NORM_400,U_NORM_50,622.8,2026-01-15 00:35:00,0,normal
TX_3155,U_NORM_80,U_NORM_373,156.25,2026-01-15 00:44:00,0,normal
TX_1031,U_NORM_215,U_NORM_244,458.54,2026-01-15 00:44:00,0,normal
TX_4937,U_NORM_781,U_NORM_757,641.82,2026-01-15 00:51:00,0,normal
TX_4699,U_NORM_137,U_NORM_116,242.71,2026-01-15 00:56:00,0,normal
TX_5982,U_CRIM_49,U_NORM_184,1231.59,2026-01-15 01:01:00,1,criminal_outflow
TX_6333,U_NORM_824,U_COLL_16,8060.95,2026-01-15 01:07:00,1,collector_inflow
TX_3704,U_NORM_264,U_NORM_3,304.45,2026-01-15 01:09:00,0,normal
TX_793,U_NORM_793,U_NORM_762,459.19,2026-01-15 01:14:00,0,normal
TX_1849,U_NORM_619,U_NORM_861,506.52,2026-01-15 01:17:00,0,normal
TX_6793,U_NORM_601,U_COLL_39,7953.11,2026-01-15 01:33:00,1,collector_inflow
TX_3880,U_NORM_491,U_NORM_685,449.73,2026-01-15 01:37:00,0,normal
TX_2414,U_NORM_133,U_NORM_193,729.68,2026-01-15 01:38:00,0,normal
TX_1012,U_NORM_821,U_NORM_613,303.67,2026-01-15 02:11:00,0,normal
TX_1311,U_NORM_448,U_NORM_1,254.24,2026-01-15 02:12:00,0,normal
TX_2554,U_NORM_819,U_NORM_711,727.78,2026-01-15 02:13:00,0,normal
TX_2090,U_NORM_581,U_NORM_654,379.81,2026-01-15 02:19:00,0,normal
TX_2324,U_NORM_871,U_NORM_472,330.2,2026-01-15 02:30:00,0,normal
TX_924,U_NORM_609,U_NORM_784,567.46,2026-01-15 02:35:00,0,normal
TX_5905,U_CRIM_45,U_NORM_842,908.74,2026-01-15 02:43:00,1,criminal_outflow
TX_4372,U_NORM_618,U_NORM_522,437.78,2026-01-15 02:54:00,0,normal
TX_1261,U_NORM_316,U_NORM_319,393.25,2026-01-15 03:00:00,0,normal
TX_4702,U_NORM_385,U_NORM_190,719.33,2026-01-15 03:04:00,0,normal
TX_2345,U_NORM_268,U_NORM_273,472.02,2026-01-15 03:05:00,0,normal
TX_3900,U_NORM_820,U_NORM_809,209.05,2026-01-15 03:07:00,0,normal
TX_5977,U_CRIM_49,U_NORM_812,1440.96,2026-01-15 03:11:00,1,criminal_outflow
TX_3033,U_NORM_315,U_NORM_44,214.38,2026-01-15 03:11:00,0,normal
TX_6763,U_NORM_578,U_COLL_38,5990.97,2026-01-15 03:21:00,1,collector_inflow
TX_3238,U_NORM_770,U_NORM_625,212.79,2026-01-15 03:25:00,0,normal
TX_6972,U_NORM_511,U_COLL_47,7024.32,2026-01-15 03:25:00,1,collector_inflow
TX_939,U_NORM_658,U_NORM_491,299.02,2026-01-15 03:26:00,0,normal
TX_4960,U_NORM_400,U_NORM_275,206.27,2026-01-15 03:31:00,0,normal
TX_2831,U_NORM_539,U_NORM_633,502.08,2026-01-15 03:32:00,0,normal
TX_5019,U_CRIM_1,U_NORM_620,1963.28,2026-01-15 03:47:00,1,criminal_outflow
TX_2136,U_NORM_264,U_NORM_175,78.92,2026-01-15 03:48:00,0,normal
TX_1907,U_NORM_37,U_NORM_156,694.48,2026-01-15 04:06:00,0,normal
TX_4229,U_NORM_795,U_NORM_490,638.55,2026-01-15 04:19:00,0,normal
TX_5836,U_CRIM_42,U_NORM_67,1756.87,2026-01-15 04:27:00,1,criminal_outflow
TX_2885,U_NORM_134,U_NORM_36,411.75,2026-01-15 04:29:00,0,normal
TX_3066,U_NORM_221,U_NORM_279,118.04,2026-01-15 04:38:00,0,normal
TX_2728,U_NORM_227,U_NORM_415,577.22,2026-01-15 04:51:00,0,normal
TX_855,U_NORM_249,U_NORM_330,223.69,2026-01-15 05:00:00,0,normal
TX_4053,U_NORM_300,U_NORM_15,50.62,2026-01-15 05:04:00,0,normal
TX_5749,U_CRIM_36,U_NORM_631,1972.72,2026-01-15 05:04:00,1,criminal_outflow
TX_1561,U_NORM_276,U_NORM_179,107.39,2026-01-15 05:11:00,0,normal
TX_7053,U_NORM_290,U_NORM_720,58.6,2026-01-15 05:18:00,0,bridge
TX_240,U_NORM_195,U_NORM_425,349.13,2026-01-15 05:20:00,0,normal
TX_6709,U_NORM_62,U_COLL_35,8036.54,2026-01-15 05:36:00,1,collector_inflow
TX_5568,U_CRIM_29,U_NORM_708,1096.24,2026-01-15 05:41:00,1,criminal_outflow
TX_2629,U_NORM_701,U_NORM_665,162.72,2026-01-15 05:46:00,0,normal
TX_6036,U_NORM_761,U_COLL_2,6051.69,2026-01-15 05:50:00,1,collector_inflow
TX_6922,U_NORM_60,U_COLL_45,7882.66,2026-01-15 06:03:00,1,collector_inflow
TX_1126,U_NORM_70,U_NORM_93,422.41,2026-01-15 06:11:00,0,normal
TX_6171,U_NORM_28,U_COLL_7,5890.84,2026-01-15 06:28:00,1,collector_inflow
TX_3491,U_NORM_629,U_NORM_714,356.36,2026-01-15 06:29:00,0,normal
TX_3488,U_NORM_389,U_NORM_149,716.52,2026-01-15 06:30:00,0,normal
TX_879,U_NORM_158,U_NORM_265,673.09,2026-01-15 06:31:00,0,normal
TX_1063,U_NORM_254,U_NORM_180,782.01,2026-01-15 06:54:00,0,normal
TX_2485,U_NORM_18,U_NORM_311,566.27,2026-01-15 07:03:00,0,normal
TX_2900,U_NORM_602,U_NORM_832,328.2,2026-01-15 07:03:00,0,normal
TX_5398,U_CRIM_20,U_NORM_317,1901.97,2026-01-15 07:06:00,1,criminal_outflow
TX_4209,U_NORM_25,U_NORM_142,625.79,2026-01-15 07:27:00,0,normal
TX_3887,U_NORM_185,U_NORM_382,252.65,2026-01-15 07:35:00,0,normal
TX_3213,U_NORM_356,U_NORM_35,39.44,2026-01-15 07:41:00,0,normal
TX_4947,U_NORM_603,U_NORM_871,459.57,2026-01-15 07:56:00,0,normal
TX_5681,U_CRIM_34,U_NORM_363,1905.4,2026-01-15 07:58:00,1,criminal_outflow
TX_3735,U_NORM_687,U_NORM_814,180.86,2026-01-15 08:00:00,0,normal
TX_1410,U_NORM_185,U_NORM_131,187.18,2026-01-15 08:17:00,0,normal
TX_5570,U_CRIM_29,U_NORM_764,1776.25,2026-01-15 08:27:00,1,criminal_outflow
TX_6902,U_NORM_302,U_COLL_44,8729.19,2026-01-15 08:37:00,1,collector_inflow
TX_6610,U_NORM_570,U_COLL_30,9804.67,2026-01-15 08:41:00,1,collector_inflow
TX_708,U_NORM_214,U_NORM_395,557.98,2026-01-15 08:42:00,0,normal
TX_2808,U_NORM_150,U_NORM_37,357.9,2026-01-15 09:09:00,0,normal
TX_4300,U_NORM_441,U_NORM_314,779.12,2026-01-15 09:13:00,0,normal
TX_6628,U_NORM_644,U_COLL_31,9681.25,2026-01-15 09:15:00,1,collector_inflow
TX_5351,U_CRIM_18,U_NORM_400,1359.18,2026-01-15 09:18:00,1,criminal_outflow
TX_2454,U_NORM_74,U_NORM_193,122.49,2026-01-15 09:19:00,0,normal
TX_6475,U_NORM_180,U_COLL_23,6584.39,2026-01-15 09:20:00,1,collector_inflow
TX_954,U_NORM_303,U_NORM_187,100.59,2026-01-15 09:22:00,0,normal
TX_7026,U_NORM_309,U_COLL_49,8388.88,2026-01-15 09:26:00,1,collector_inflow
TX_1363,U_NORM_627,U_NORM_492,797.94,2026-01-15 09:28:00,0,normal
TX_3408,U_NORM_825,U_NORM_504,611.16,2026-01-15 09:32:00,0,normal
TX_5096,U_CRIM_5,U_NORM_705,1263.82,2026-01-15 09:33:00,1,criminal_outflow
TX_1385,U_NORM_357,U_NORM_14,506.26,2026-01-15 09:35:00,0,normal
TX_4782,U_NORM_104,U_NORM_127,704.01,2026-01-15 09:37:00,0,normal
TX_5626,U_CRIM_31,U_NORM_611,1259.83,2026-01-15 09:45:00,1,criminal_outflow
TX_6688,U_NORM_379,U_COLL_34,9315.6,2026-01-15 09:58:00,1,collector_inflow
TX_5550,U_CRIM_27,U_NORM_490,1427.78,2026-01-15 10:01:00,1,criminal_outflow
TX_1221,U_NORM_253,U_NORM_247,276.81,2026-01-15 10:11:00,0,normal
TX_6859,U_NORM_841,U_COLL_42,6916.04,2026-01-15 10:14:00,1,collector_inflow
TX_5057,U_CRIM_2,U_NORM_143,1035.34,2026-01-15 10:18:00,1,criminal_outflow
TX_2021,U_NORM_75,U_NORM_394,480.58,2026-01-15 10:23:00,0,normal
TX_6161,U_NORM_601,U_COLL_7,5535.38,2026-01-15 10:26:00,1,collector_inflow
TX_6499,U_NORM_825,U_COLL_24,9568.55,2026-01-15 10:33:00,1,collector_inflow
TX_5227,U_CRIM_11,U_NORM_129,1788.22,2026-01-15 10:56:00,1,criminal_outflow
TX_4369,U_NORM_267,U_NORM_431,544.83,2026-01-15 11:09:00,0,normal
TX_5518,U_CRIM_26,U_NORM_532,1068.11,2026-01-15 11:12:00,1,criminal_outflow
TX_1253,U_NORM_619,U_NORM_851,743.12,2026-01-15 11:15:00,0,normal
TX_4544,U_NORM_492,U_NORM_887,62.19,2026-01-15 11:18:00,0,normal
TX_3678,U_NORM_705,U_NORM_587,584.4,2026-01-15 11:21:00,0,normal
TX_825,U_NORM_498,U_NORM_525,12.22,2026-01-15 11:21:00,0,normal
TX_298,U_NORM_697,U_NORM_774,457.85,2026-01-15 11:22:00,0,normal
TX_3113,U_NORM_590,U_NORM_462,798.79,2026-01-15 11:22:00,0,normal
TX_560,U_NORM_629,U_NORM_669,776.64,2026-01-15 11:41:00,0,normal
TX_6284,U_NORM_485,U_COLL_12,9345.58,2026-01-15 11:58:00,1,collector_inflow
TX_4478,U_NORM_779,U_NORM_652,340.92,2026-01-15 12:06:00,0,normal
TX_5803,U_CRIM_40,U_NORM_497,715.77,2026-01-15 12:07:00,1,criminal_outflow
TX_4971,U_NORM_258,U_NORM_28,215.25,2026-01-15 12:25:00,0,normal
TX_5495,U_CRIM_25,U_NORM_623,911.29,2026-01-15 12:27:00,1,criminal_outflow
TX_5014,U_CRIM_0,U_NORM_874,1037.82,2026-01-15 12:28:00,1,criminal_outflow
TX_2056,U_NORM_275,U_NORM_55,408.46,2026-01-15 12:37:00,0,normal
TX_4059,U_NORM_137,U_NORM_139,239.04,2026-01-15 12:38:00,0,normal
TX_2994,U_NORM_330,U_NORM_73,558.1,2026-01-15 12:45:00,0,normal
TX_1835,U_NORM_700,U_NORM_737,146.97,2026-01-15 12:46:00,0,normal
TX_5575,U_CRIM_29,U_NORM_87,1692.37,2026-01-15 12:48:00,1,criminal_outflow
TX_1091,U_NORM_329,U_NORM_10,480.09,2026-01-15 12:58:00,0,normal
TX_1431,U_NORM_703,U_NORM_812,242.23,2026-01-15 13:05:00,0,normal
TX_4414,U_NORM_94,U_NORM_33,728.35,2026-01-15 13:12:00,0,normal
TX_4875,U_NORM_177,U_NORM_377,342.2,2026-01-15 13:12:00,0,normal
TX_6879,U_NORM_809,U_COLL_43,5966.53,2026-01-15 13:21:00,1,collector_inflow
TX_3216,U_NORM_156,U_NORM_447,391.13,2026-01-15 13:50:00,0,normal
TX_604,U_NORM_37,U_NORM_441,448.82,2026-01-15 13:58:00,0,normal
TX_4322,U_NORM_644,U_NORM_628,731.17,2026-01-15 14:01:00,0,normal
TX_3947,U_NORM_886,U_NORM_698,433.42,2026-01-15 14:04:00,0,normal
TX_4080,U_NORM_67,U_NORM_392,516.05,2026-01-15 14:08:00,0,normal
TX_458,U_NORM_497,U_NORM_536,565.73,2026-01-15 14:10:00,0,normal
TX_1976,U_NORM_706,U_NORM_451,603.97,2026-01-15 14:21:00,0,normal
TX_3792,U_NORM_306,U_NORM_204,493.93,2026-01-15 14:28:00,0,normal
TX_5470,U_CRIM_24,U_NORM_627,1243.7,2026-01-15 14:28:00,1,criminal_outflow
TX_3046,U_NORM_822,U_NORM_652,60.13,2026-01-15 14:30:00,0,normal
TX_4839,U_NORM_419,U_NORM_4,94.14,2026-01-15 14:33:00,0,normal
TX_5725,U_CRIM_36,U_NORM_338,831.14,2026-01-15 14:36:00,1,criminal_outflow
TX_3314,U_NORM_137,U_NORM_334,10.99,2026-01-15 14:37:00,0,normal
TX_6202,U_NORM_339,U_COLL_9,5194.5,2026-01-15 14:47:00,1,collector_inflow
TX_941,U_NORM_86,U_NORM_80,228.83,2026-01-15 14:48:00,0,normal
TX_481,U_NORM_243,U_NORM_340,463.83,2026-01-15 14:52:00,0,normal
TX_13,U_NORM_532,U_NORM_708,779.8,2026-01-15 14:56:00,0,normal
TX_4190,U_NORM_224,U_NORM_42,54.47,2026-01-15 15:01:00,0,normal
TX_1120,U_NORM_332,U_NORM_11,49.04,2026-01-15 15:02:00,0,normal
TX_5131,U_CRIM_6,U_NORM_634,922.73,2026-01-15 15:06:00,1,criminal_outflow
TX_947,U_NORM_316,U_NORM_326,415.98,2026-01-15 15:15:00,0,normal
TX_4731,U_NORM_521,U_NORM_773,204.97,2026-01-15 15:21:00,0,normal
TX_6146,U_NORM_173,U_COLL_6,8257.32,2026-01-15 15:23:00,1,collector_inflow
TX_1673,U_NORM_152,U_NORM_302,510.12,2026-01-15 15:30:00,0,normal
TX_4533,U_NORM_553,U_NORM_484,125.63,2026-01-15 15:33:00,0,normal
TX_6348,U_NORM_808,U_COLL_17,8432.69,2026-01-15 15:37:00,1,collector_inflow
TX_6213,U_NORM_845,U_COLL_9,6107.67,2026-01-15 15:38:00,1,collector_inflow
TX_257,U_NORM_162,U_NORM_267,733.23,2026-01-15 15:40:00,0,normal
TX_7035,U_NORM_129,U_COLL_49,6010.84,2026-01-15 15:47:00,1,collector_inflow
TX_4007,U_NORM_250,U_NORM_29,135.08,2026-01-15 15:47:00,0,normal
TX_3315,U_NORM_771,U_NORM_501,312.68,2026-01-15 15:57:00,0,normal
TX_1859,U_NORM_689,U_NORM_562,518.62,2026-01-15 16:07:00,0,normal
TX_153,U_NORM_113,U_NORM_265,728.01,2026-01-15 16:20:00,0,normal
TX_5794,U_CRIM_40,U_NORM_713,555.5,2026-01-15 16:31:00,1,criminal_outflow
TX_494,U_NORM_329,U_NORM_117,701.77,2026-01-15 16:31:00,0,normal
TX_1713,U_NORM_482,U_NORM_707,436.57,2026-01-15 16:31:00,0,normal
TX_4499,U_NORM_811,U_NORM_846,92.62,2026-01-15 16:34:00,0,normal
TX_2850,U_NORM_741,U_NORM_494,666.68,2026-01-15 16:42:00,0,normal
TX_700,U_NORM_588,U_NORM_517,528.08,2026-01-15 16:44:00,0,normal
TX_2036,U_NORM_858,U_NORM_814,238.46,2026-01-15 16:54:00,0,normal
TX_462,U_NORM_159,U_NORM_47,782.23,2026-01-15 16:56:00,0,normal
TX_4416,U_NORM_753,U_NORM_892,346.34,2026-01-15 17:03:00,0,normal
TX_356,U_NORM_763,U_NORM_768,9.75,2026-01-15 17:08:00,0,normal
TX_960,U_NORM_560,U_NORM_551,408.0,2026-01-15 17:09:00,0,normal
TX_5695,U_CRIM_35,U_NORM_779,1780.67,2026-01-15 17:13:00,1,criminal_outflow
TX_5262,U_CRIM_13,U_NORM_332,1206.06,2026-01-15 17:16:00,1,criminal_outflow
TX_2854,U_NORM_26,U_NORM_158,187.38,2026-01-15 17:39:00,0,normal
TX_5355,U_CRIM_18,U_NORM_648,1757.95,2026-01-15 17:43:00,1,criminal_outflow
TX_6119,U_NORM_736,U_COLL_6,5189.59,2026-01-15 17:48:00,1,collector_inflow
TX_5985,U_CRIM_49,U_NORM_217,1930.16,2026-01-15 17:51:00,1,criminal_outflow
TX_2319,U_NORM_129,U_NORM_418,383.11,2026-01-15 17:57:00,0,normal
TX_4932,U_NORM_730,U_NORM_650,755.17,2026-01-15 17:58:00,0,normal
TX_6234,U_NORM_747,U_COLL_10,7166.82,2026-01-15 18:13:00,1,collector_inflow
TX_3192,U_NORM_293,U_NORM_87,538.17,2026-01-15 18:15:00,0,normal
TX_3593,U_NORM_504,U_NORM_710,561.13,2026-01-15 18:17:00,0,normal
TX_6327,U_NORM_291,U_COLL_16,8638.49,2026-01-15 18:19:00,1,collector_inflow
TX_6731,U_NORM_875,U_COLL_37,5178.04,2026-01-15 18:28:00,1,collector_inflow
TX_129,U_NORM_802,U_NORM_738,27.42,2026-01-15 18:35:00,0,normal
TX_6018,U_NORM_189,U_COLL_1,7403.22,2026-01-15 18:41:00,1,collector_inflow
TX_5901,U_CRIM_45,U_NORM_639,945.33,2026-01-15 18:49:00,1,criminal_outflow
TX_2295,U_NORM_161,U_NORM_56,270.12,2026-01-15 18:51:00,0,normal
TX_3796,U_NORM_467,U_NORM_539,533.27,2026-01-15 19:06:00,0,normal
TX_5860,U_CRIM_43,U_NORM_415,983.01,2026-01-15 19:12:00,1,criminal_outflow
TX_3436,U_NORM_752,U_NORM_466,694.2,2026-01-15 19:20:00,0,normal
TX_1598,U_NORM_284,U_NORM_241,704.24,2026-01-15 19:22:00,0,normal
TX_6993,U_NORM_459,U_COLL_47,6651.86,2026-01-15 19:25:00,1,collector_inflow
TX_4991,U_NORM_392,U_NORM_213,131.1,2026-01-15 19:37:00,0,normal
TX_5407,U_CRIM_21,U_NORM_178,741.06,2026-01-15 19:48:00,1,criminal_outflow
TX_3375,U_NORM_610,U_NORM_791,396.57,2026-01-15 19:58:00,0,normal
TX_277,U_NORM_256,U_NORM_90,142.59,2026-01-15 20:10:00,0,normal
TX_1033,U_NORM_109,U_NORM_328,510.45,2026-01-15 20:11:00,0,normal
TX_2358,U_NORM_689,U_NORM_532,246.11,2026-01-15 20:11:00,0,normal
TX_1929,U_NORM_305,U_NORM_55,401.74,2026-01-15 20:15:00,0,normal
TX_1151,U_NORM_794,U_NORM_728,665.58,2026-01-15 20:16:00,0,normal
TX_2742,U_NORM_629,U_NORM_764,239.11,2026-01-15 20:17:00,0,normal
TX_2785,U_NORM_705,U_NORM_647,661.58,2026-01-15 20:19:00,0,normal
TX_1374,U_NORM_217,U_NORM_241,46.47,2026-01-15 20:20:00,0,normal
TX_807,U_NORM_862,U_NORM_876,555.76,2026-01-15 20:24:00,0,normal
TX_2477,U_NORM_883,U_NORM_879,549.57,2026-01-15 20:33:00,0,normal
TX_4241,U_NORM_106,U_NORM_181,636.21,2026-01-15 20:34:00,0,normal
TX_6145,U_NORM_710,U_COLL_6,5785.02,2026-01-15 20:50:00,1,collector_inflow
TX_5450,U_CRIM_23,U_NORM_775,1456.89,2026-01-15 20:54:00,1,criminal_outflow
TX_2635,U_NORM_174,U_NORM_308,446.0,2026-01-15 21:12:00,0,normal
TX_6883,U_NORM_133,U_COLL_43,6242.07,2026-01-15 21:14:00,1,collector_inflow
TX_6532,U_NORM_332,U_COLL_25,5712.07,2026-01-15 21:19:00,1,collector_inflow
TX_4246,U_NORM_827,U_NORM_599,323.02,2026-01-15 21:29:00,0,normal
TX_4564,U_NORM_574,U_NORM_859,728.51,2026-01-15 21:31:00,0,normal
TX_3801,U_NORM_694,U_NORM_692,501.43,2026-01-15 21:33:00,0,normal
TX_3794,U_NORM_372,U_NORM_384,452.9,2026-01-15 21:36:00,0,normal
TX_4898,U_NORM_543,U_NORM_587,234.9,2026-01-15 21:45:00,0,normal
TX_3754,U_NORM_629,U_NORM_541,444.91,2026-01-15 21:49:00,0,normal
TX_6336,U_NORM_252,U_COLL_16,5317.43,2026-01-15 22:05:00,1,collector_inflow
TX_3747,U_NORM_564,U_NORM_463,711.57,2026-01-15 22:07:00,0,normal
TX_6393,U_NORM_69,U_COLL_19,5984.5,2026-01-15 22:07:00,1,collector_inflow
TX_1476,U_NORM_16,U_NORM_335,225.08,2026-01-15 22:27:00,0,normal
TX_3785,U_NORM_182,U_NORM_253,637.97,2026-01-15 22:27:00,0,normal
TX_196,U_NORM_322,U_NORM_66,673.17,2026-01-15 22:29:00,0,normal
TX_1094,U_NORM_268,U_NORM_188,549.2,2026-01-15 22:32:00,0,normal
TX_5028,U_CRIM_1,U_NORM_599,902.03,2026-01-15 22:32:00,1,criminal_outflow
TX_6542,U_NORM_700,U_COLL_26,5335.68,2026-01-15 22:58:00,1,collector_inflow
TX_5652,U_CRIM_32,U_NORM_291,1143.84,2026-01-15 23:05:00,1,criminal_outflow
TX_4327,U_NORM_763,U_NORM_723,635.4,2026-01-15 23:13:00,0,normal
TX_6789,U_NORM_636,U_COLL_39,9586.43,2026-01-15 23:16:00,1,collector_inflow
TX_228,U_NORM_571,U_NORM_454,648.1,2026-01-15 23:19:00,0,normal
TX_6335,U_NORM_842,U_COLL_16,8405.48,2026-01-15 23:20:00,1,collector_inflow
TX_3721,U_NORM_454,U_NORM_499,645.6,2026-01-15 23:20:00,0,normal
TX_6538,U_NORM_121,U_COLL_26,6837.36,2026-01-15 23:33:00,1,collector_inflow
TX_2059,U_NORM_550,U_NORM_709,440.79,2026-01-15 23:35:00,0,normal
TX_6372,U_NORM_168,U_COLL_18,6595.77,2026-01-15 23:39:00,1,collector_inflow
TX_1757,U_NORM_644,U_NORM_688,753.71,2026-01-15 23:43:00,0,normal
TX_5701,U_CRIM_35,U_NORM_322,1066.29,2026-01-15 23:46:00,1,criminal_outflow
TX_4370,U_NORM_750,U_NORM_897,40.64,2026-01-15 23:55:00,0,normal
TX_3734,U_NORM_779,U_NORM_500,571.3,2026-01-16 00:00:00,0,normal
TX_1566,U_NORM_158,U_NORM_247,238.07,2026-01-16 00:04:00,0,normal
TX_1552,U_NORM_660,U_NORM_657,379.01,2026-01-16 00:07:00,0,normal
TX_3745,U_NORM_545,U_NORM_552,714.3,2026-01-16 00:16:00,0,normal
TX_6181,U_NORM_167,U_COLL_8,7946.96,2026-01-16 00:18:00,1,collector_inflow
TX_3807,U_NORM_482,U_NORM_660,549.3,2026-01-16 00:20:00,0,normal
TX_2134,U_NORM_622,U_NORM_458,549.57,2026-01-16 00:26:00,0,normal
TX_5269,U_CRIM_13,U_NORM_50,1878.78,2026-01-16 00:31:00,1,criminal_outflow
TX_2647,U_NORM_186,U_NORM_12,81.21,2026-01-16 00:46:00,0,normal
TX_2993,U_NORM_50,U_NORM_19,441.04,2026-01-16 00:47:00,0,normal
TX_6811,U_NORM_847,U_COLL_40,8850.94,2026-01-16 01:00:00,1,collector_inflow
TX_4296,U_NORM_832,U_NORM_522,339.83,2026-01-16 01:02:00,0,normal
TX_6564,U_NORM_328,U_COLL_27,7737.76,2026-01-16 01:04:00,1,collector_inflow
TX_6329,U_NORM_373,U_COLL_16,5720.76,2026-01-16 01:08:00,1,collector_inflow
TX_6758,U_NORM_771,U_COLL_38,5099.62,2026-01-16 01:10:00,1,collector_inflow
TX_3505,U_NORM_646,U_NORM_505,591.53,2026-01-16 01:11:00,0,normal
TX_2107,U_NORM_754,U_NORM_891,131.67,2026-01-16 01:12:00,0,normal
TX_3976,U_NORM_90,U_NORM_256,457.18,2026-01-16 01:14:00,0,normal
TX_5734,U_CRIM_36,U_NORM_684,1807.17,2026-01-16 01:26:00,1,criminal_outflow
TX_6987,U_NORM_321,U_COLL_47,7443.7,2026-01-16 01:41:00,1,collector_inflow
TX_4913,U_NORM_813,U_NORM_544,557.0,2026-01-16 01:41:00,0,normal
TX_6228,U_NORM_130,U_COLL_10,7998.56,2026-01-16 01:42:00,1,collector_inflow
TX_3183,U_NORM_478,U_NORM_813,643.48,2026-01-16 01:42:00,0,normal
TX_3697,U_NORM_371,U_NORM_120,705.59,2026-01-16 01:46:00,0,normal
TX_107,U_NORM_472,U_NORM_886,80.23,2026-01-16 01:47:00,0,normal
TX_4703,U_NORM_107,U_NORM_210,16.48,2026-01-16 02:06:00,0,normal
TX_6616,U_NORM_12,U_COLL_30,8407.07,2026-01-16 02:30:00,1,collector_inflow
TX_6438,U_NORM_143,U_COLL_21,8855.91,2026-01-16 02:32:00,1,collector_inflow
TX_3566,U_NORM_552,U_NORM_785,14.88,2026-01-16 02:33:00,0,normal
TX_60,U_NORM_445,U_NORM_96,22.89,2026-01-16 02:44:00,0,normal
TX_6855,U_NORM_352,U_COLL_42,7731.64,2026-01-16 02:53:00,1,collector_inflow
TX_2101,U_NORM_260,U_NORM_48,125.41,2026-01-16 02:57:00,0,normal
TX_3478,U_NORM_863,U_NORM_723,507.08,2026-01-16 02:59:00,0,normal
TX_3104,U_NORM_292,U_NORM_7,48.21,2026-01-16 03:03:00,0,normal
TX_2304,U_NORM_516,U_NORM_895,308.7,2026-01-16 03:04:00,0,normal
TX_3688,U_NORM_411,U_NORM_307,24.54,2026-01-16 03:10:00,0,normal
TX_5693,U_CRIM_35,U_NORM_127,951.64,2026-01-16 03:12:00,1,criminal_outflow
TX_968,U_NORM_898,U_NORM_734,731.19,2026-01-16 03:12:00,0,normal
TX_6891,U_NORM_888,U_COLL_43,9439.6,2026-01-16 03:24:00,1,collector_inflow
TX_2901,U_NORM_241,U_NORM_187,71.08,2026-01-16 03:37:00,0,normal
TX_2323,U_NORM_458,U_NORM_520,191.95,2026-01-16 03:43:00,0,normal
TX_6679,U_NORM_621,U_COLL_33,7625.12,2026-01-16 03:47:00,1,collector_inflow
TX_2157,U_NORM_362,U_NORM_343,115.12,2026-01-16 04:16:00,0,normal
TX_6624,U_NORM_282,U_COLL_30,9762.8,2026-01-16 04:21:00,1,collector_inflow
TX_125,U_NORM_202,U_NORM_275,475.17,2026-01-16 04:33:00,0,normal
TX_7011,U_NORM_74,U_COLL_48,5062.6,2026-01-16 04:37:00,1,collector_inflow
TX_1643,U_NORM_714,U_NORM_843,669.95,2026-01-16 04:41:00,0,normal
TX_2450,U_NORM_502,U_NORM_693,577.79,2026-01-16 04:44:00,0,normal
TX_6568,U_NORM_498,U_COLL_27,7613.48,2026-01-16 04:45:00,1,collector_inflow
TX_3029,U_NORM_266,U_NORM_214,290.66,2026-01-16 04:48:00,0,normal
TX_3052,U_NORM_397,U_NORM_237,224.88,2026-01-16 04:51:00,0,normal
TX_2928,U_NORM_877,U_NORM_636,571.38,2026-01-16 04:53:00,0,normal
TX_545,U_NORM_14,U_NORM_340,369.17,2026-01-16 04:56:00,0,normal
TX_6904,U_NORM_117,U_COLL_44,7955.45,2026-01-16 05:14:00,1,collector_inflow
TX_958,U_NORM_85,U_NORM_11,289.09,2026-01-16 05:16:00,0,normal
TX_4438,U_NORM_30,U_NORM_427,778.88,2026-01-16 05:19:00,0,normal
TX_379,U_NORM_296,U_NORM_169,183.55,2026-01-16 05:22:00,0,normal
TX_2427,U_NORM_184,U_NORM_203,480.22,2026-01-16 05:26:00,0,normal
TX_4067,U_NORM_189,U_NORM_96,566.41,2026-01-16 05:41:00,0,normal
TX_1532,U_NORM_764,U_NORM_892,25.91,2026-01-16 05:46:00,0,normal
TX_3585,U_NORM_207,U_NORM_283,587.81,2026-01-16 05:48:00,0,normal
TX_3627,U_NORM_57,U_NORM_29,52.71,2026-01-16 05:54:00,0,normal
TX_3663,U_NORM_648,U_NORM_467,412.4,2026-01-16 05:59:00,0,normal
TX_2610,U_NORM_675,U_NORM_891,338.21,2026-01-16 06:00:00,0,normal
TX_1152,U_NORM_711,U_NORM_508,693.12,2026-01-16 06:10:00,0,normal
TX_706,U_NORM_20,U_NORM_64,444.87,2026-01-16 06:13:00,0,normal
TX_2298,U_NORM_99,U_NORM_372,679.35,2026-01-16 06:18:00,0,normal
TX_3810,U_NORM_178,U_NORM_164,96.72,2026-01-16 06:38:00,0,normal
TX_5728,U_CRIM_36,U_NORM_159,1328.9,2026-01-16 06:46:00,1,criminal_outflow
TX_5669,U_CRIM_33,U_NORM_574,1762.95,2026-01-16 06:52:00,1,criminal_outflow
TX_2247,U_NORM_876,U_NORM_566,647.59,2026-01-16 06:54:00,0,normal
TX_2112,U_NORM_629,U_NORM_810,365.85,2026-01-16 06:57:00,0,normal
TX_1403,U_NORM_652,U_NORM_571,366.93,2026-01-16 07:03:00,0,normal
TX_4219,U_NORM_761,U_NORM_595,770.2,2026-01-16 07:14:00,0,normal
TX_5143,U_CRIM_7,U_NORM_527,1016.68,2026-01-16 07:19:00,1,criminal_outflow
TX_4034,U_NORM_340,U_NORM_74,576.23,2026-01-16 07:24:00,0,normal
TX_6911,U_NORM_208,U_COLL_44,8091.9,2026-01-16 07:40:00,1,collector_inflow
TX_3334,U_NORM_10,U_NORM_412,174.01,2026-01-16 07:49:00,0,normal
TX_6785,U_NORM_192,U_COLL_39,8922.61,2026-01-16 08:17:00,1,collector_inflow
TX_1521,U_NORM_75,U_NORM_281,290.74,2026-01-16 08:28:00,0,normal
TX_3607,U_NORM_412,U_NORM_257,543.2,2026-01-16 08:43:00,0,normal
TX_4538,U_NORM_277,U_NORM_109,431.65,2026-01-16 08:49:00,0,normal
TX_429,U_NORM_401,U_NORM_410,23.6,2026-01-16 08:56:00,0,normal
TX_2473,U_NORM_825,U_NORM_455,553.5,2026-01-16 09:01:00,0,normal
TX_6544,U_NORM_118,U_COLL_26,5621.44,2026-01-16 09:01:00,1,collector_inflow
TX_442,U_NORM_38,U_NORM_216,103.8,2026-01-16 09:06:00,0,normal
TX_4740,U_NORM_633,U_NORM_569,106.72,2026-01-16 09:07:00,0,normal
TX_1966,U_NORM_836,U_NORM_502,86.01,2026-01-16 09:12:00,0,normal
TX_4939,U_NORM_568,U_NORM_610,617.49,2026-01-16 09:15:00,0,normal
TX_4069,U_NORM_194,U_NORM_432,24.82,2026-01-16 09:20:00,0,normal
TX_4924,U_NORM_463,U_NORM_635,708.23,2026-01-16 09:23:00,0,normal
TX_2672,U_NORM_199,U_NORM_44,445.26,2026-01-16 09:26:00,0,normal
TX_4196,U_NORM_167,U_NORM_248,681.12,2026-01-16 09:29:00,0,normal
TX_1082,U_NORM_580,U_NORM_831,64.2,2026-01-16 09:29:00,0,normal
TX_3453,U_NORM_676,U_NORM_638,440.36,2026-01-16 09:42:00,0,normal
TX_1906,U_NORM_859,U_NORM_675,412.93,2026-01-16 09:46:00,0,normal
TX_5786,U_CRIM_39,U_NORM_118,1073.64,2026-01-16 09:51:00,1,criminal_outflow
TX_2289,U_NORM_679,U_NORM_506,738.76,2026-01-16 09:57:00,0,normal
TX_1989,U_NORM_125,U_NORM_166,319.75,2026-01-16 10:03:00,0,normal
TX_6255,U_NORM_74,U_COLL_11,6273.29,2026-01-16 10:07:00,1,collector_inflow
TX_6642,U_NORM_686,U_COLL_32,8760.17,2026-01-16 10:12:00,1,collector_inflow
TX_5053,U_CRIM_2,U_NORM_664,1603.45,2026-01-16 10:13:00,1,criminal_outflow
TX_1707,U_NORM_754,U_NORM_793,385.59,2026-01-16 10:14:00,0,normal
TX_4528,U_NORM_677,U_NORM_658,248.58,2026-01-16 10:19:00,0,normal
TX_4819,U_NORM_515,U_NORM_634,293.64,2026-01-16 10:22:00,0,normal
TX_1619,U_NORM_132,U_NORM_424,248.81,2026-01-16 10:23:00,0,normal
TX_130,U_NORM_671,U_NORM_750,343.43,2026-01-16 10:38:00,0,normal
TX_6057,U_NORM_723,U_COLL_3,6180.95,2026-01-16 10:44:00,1,collector_inflow
TX_2892,U_NORM_778,U_NORM_853,718.36,2026-01-16 10:45:00,0,normal
TX_1296,U_NORM_440,U_NORM_23,552.25,2026-01-16 10:50:00,0,normal
TX_7017,U_NORM_820,U_COLL_48,6606.72,2026-01-16 10:53:00,1,collector_inflow
TX_2939,U_NORM_164,U_NORM_158,274.94,2026-01-16 11:09:00,0,normal
TX_4978,U_NORM_19,U_NORM_342,343.49,2026-01-16 11:11:00,0,normal
TX_1652,U_NORM_294,U_NORM_370,505.57,2026-01-16 11:16:00,0,normal
TX_1471,U_NORM_331,U_NORM_434,564.44,2026-01-16 11:22:00,0,normal
TX_4867,U_NORM_895,U_NORM_501,708.1,2026-01-16 11:35:00,0,normal
TX_763,U_NORM_130,U_NORM_313,424.37,2026-01-16 11:38:00,0,normal
TX_3130,U_NORM_490,U_NORM_624,448.59,2026-01-16 11:43:00,0,normal
TX_6706,U_NORM_736,U_COLL_35,9422.94,2026-01-16 11:50:00,1,collector_inflow
TX_1539,U_NORM_229,U_NORM_431,747.04,2026-01-16 11:50:00,0,normal
TX_2800,U_NORM_232,U_NORM_253,518.46,2026-01-16 11:53:00,0,normal
TX_5846,U_CRIM_42,U_NORM_98,1125.09,2026-01-16 11:54:00,1,criminal_outflow
TX_3328,U_NORM_205,U_NORM_232,256.46,2026-01-16 12:00:00,0,normal
TX_7068,U_FRAUD_BOSS,U_SMURF_0,100.0,2026-01-16 12:00:00,1,smurfing_layer1
TX_7070,U_FRAUD_BOSS,U_SMURF_1,100.0,2026-01-16 12:01:00,1,smurfing_layer1
TX_7072,U_FRAUD_BOSS,U_SMURF_2,100.0,2026-01-16 12:02:00,1,smurfing_layer1
TX_7074,U_FRAUD_BOSS,U_SMURF_3,100.0,2026-01-16 12:03:00,1,smurfing_layer1
TX_7076,U_FRAUD_BOSS,U_SMURF_4,100.0,2026-01-16 12:04:00,1,smurfing_layer1
TX_7078,U_FRAUD_BOSS,U_SMURF_5,100.0,2026-01-16 12:05:00,1,smurfing_layer1
TX_7080,U_FRAUD_BOSS,U_SMURF_6,100.0,2026-01-16 12:06:00,1,smurfing_layer1
TX_7082,U_FRAUD_BOSS,U_SMURF_7,100.0,2026-01-16 12:07:00,1,smurfing_layer1
TX_7084,U_FRAUD_BOSS,U_SMURF_8,100.0,2026-01-16 12:08:00,1,smurfing_layer1
TX_7086,U_FRAUD_BOSS,U_SMURF_9,100.0,2026-01-16 12:09:00,1,smurfing_layer1
TX_7088,U_FRAUD_BOSS,U_SMURF_10,100.0,2026-01-16 12:10:00,1,smurfing_layer1
TX_7090,U_FRAUD_BOSS,U_SMURF_11,100.0,2026-01-16 12:11:00,1,smurfing_layer1
TX_7092,U_FRAUD_BOSS,U_SMURF_12,100.0,2026-01-16 12:12:00,1,smurfing_layer1
TX_7094,U_FRAUD_BOSS,U_SMURF_13,100.0,2026-01-16 12:13:00,1,smurfing_layer1
TX_7096,U_FRAUD_BOSS,U_SMURF_14,100.0,2026-01-16 12:14:00,1,smurfing_layer1
TX_7098,U_FRAUD_BOSS,U_SMURF_15,100.0,2026-01-16 12:15:00,1,smurfing_layer1
TX_7100,U_FRAUD_BOSS,U_SMURF_16,100.0,2026-01-16 12:16:00,1,smurfing_layer1
TX_4057,U_NORM_868,U_NORM_686,466.62,2026-01-16 12:17:00,0,normal
TX_7102,U_FRAUD_BOSS,U_SMURF_17,100.0,2026-01-16 12:17:00,1,smurfing_layer1
TX_7104,U_FRAUD_BOSS,U_SMURF_18,100.0,2026-01-16 12:18:00,1,smurfing_layer1
TX_7106,U_FRAUD_BOSS,U_SMURF_19,100.0,2026-01-16 12:19:00,1,smurfing_layer1
TX_7108,U_FRAUD_BOSS,U_SMURF_20,100.0,2026-01-16 12:20:00,1,smurfing_layer1
TX_7110,U_FRAUD_BOSS,U_SMURF_21,100.0,2026-01-16 12:21:00,1,smurfing_layer1
TX_7112,U_FRAUD_BOSS,U_SMURF_22,100.0,2026-01-16 12:22:00,1,smurfing_layer1
TX_7114,U_FRAUD_BOSS,U_SMURF_23,100.0,2026-01-16 12:23:00,1,smurfing_layer1
TX_7116,U_FRAUD_BOSS,U_SMURF_24,100.0,2026-01-16 12:24:00,1,smurfing_layer1
TX_5106,U_CRIM_5,U_NORM_725,1336.37,2026-01-16 12:25:00,1,criminal_outflow
TX_7118,U_FRAUD_BOSS,U_SMURF_25,100.0,2026-01-16 12:25:00,1,smurfing_layer1
TX_7120,U_FRAUD_BOSS,U_SMURF_26,100.0,2026-01-16 12:26:00,1,smurfing_layer1
TX_7122,U_FRAUD_BOSS,U_SMURF_27,100.0,2026-01-16 12:27:00,1,smurfing_layer1
TX_7124,U_FRAUD_BOSS,U_SMURF_28,100.0,2026-01-16 12:28:00,1,smurfing_layer1
TX_7126,U_FRAUD_BOSS,U_SMURF_29,100.0,2026-01-16 12:29:00,1,smurfing_layer1
TX_7128,U_FRAUD_BOSS,U_SMURF_30,100.0,2026-01-16 12:30:00,1,smurfing_layer1
TX_7130,U_FRAUD_BOSS,U_SMURF_31,100.0,2026-01-16 12:31:00,1,smurfing_layer1
TX_2708,U_NORM_666,U_NORM_507,161.78,2026-01-16 12:31:00,0,normal
TX_7132,U_FRAUD_BOSS,U_SMURF_32,100.0,2026-01-16 12:32:00,1,smurfing_layer1
TX_7134,U_FRAUD_BOSS,U_SMURF_33,100.0,2026-01-16 12:33:00,1,smurfing_layer1
TX_7136,U_FRAUD_BOSS,U_SMURF_34,100.0,2026-01-16 12:34:00,1,smurfing_layer1
TX_7138,U_FRAUD_BOSS,U_SMURF_35,100.0,2026-01-16 12:35:00,1,smurfing_layer1
TX_7140,U_FRAUD_BOSS,U_SMURF_36,100.0,2026-01-16 12:36:00,1,smurfing_layer1
TX_7142,U_FRAUD_BOSS,U_SMURF_37,100.0,2026-01-16 12:37:00,1,smurfing_layer1
TX_7144,U_FRAUD_BOSS,U_SMURF_38,100.0,2026-01-16 12:38:00,1,smurfing_layer1
TX_80,U_NORM_811,U_NORM_747,758.75,2026-01-16 12:39:00,0,normal
TX_7146,U_FRAUD_BOSS,U_SMURF_39,100.0,2026-01-16 12:39:00,1,smurfing_layer1
TX_7148,U_FRAUD_BOSS,U_SMURF_40,100.0,2026-01-16 12:40:00,1,smurfing_layer1
TX_7150,U_FRAUD_BOSS,U_SMURF_41,100.0,2026-01-16 12:41:00,1,smurfing_layer1
TX_7152,U_FRAUD_BOSS,U_SMURF_42,100.0,2026-01-16 12:42:00,1,smurfing_layer1
TX_7154,U_FRAUD_BOSS,U_SMURF_43,100.0,2026-01-16 12:43:00,1,smurfing_layer1
TX_7156,U_FRAUD_BOSS,U_SMURF_44,100.0,2026-01-16 12:44:00,1,smurfing_layer1
TX_7158,U_FRAUD_BOSS,U_SMURF_45,100.0,2026-01-16 12:45:00,1,smurfing_layer1
TX_7160,U_FRAUD_BOSS,U_SMURF_46,100.0,2026-01-16 12:46:00,1,smurfing_layer1
TX_7162,U_FRAUD_BOSS,U_SMURF_47,100.0,2026-01-16 12:47:00,1,smurfing_layer1
TX_3862,U_NORM_109,U_NORM_144,764.03,2026-01-16 12:48:00,0,normal
TX_7164,U_FRAUD_BOSS,U_SMURF_48,100.0,2026-01-16 12:48:00,1,smurfing_layer1
TX_7166,U_FRAUD_BOSS,U_SMURF_49,100.0,2026-01-16 12:49:00,1,smurfing_layer1
TX_7168,U_FRAUD_BOSS,U_SMURF_50,100.0,2026-01-16 12:50:00,1,smurfing_layer1
TX_7170,U_FRAUD_BOSS,U_SMURF_51,100.0,2026-01-16 12:51:00,1,smurfing_layer1
TX_7172,U_FRAUD_BOSS,U_SMURF_52,100.0,2026-01-16 12:52:00,1,smurfing_layer1
TX_7174,U_FRAUD_BOSS,U_SMURF_53,100.0,2026-01-16 12:53:00,1,smurfing_layer1
TX_7176,U_FRAUD_BOSS,U_SMURF_54,100.0,2026-01-16 12:54:00,1,smurfing_layer1
TX_7178,U_FRAUD_BOSS,U_SMURF_55,100.0,2026-01-16 12:55:00,1,smurfing_layer1
TX_7180,U_FRAUD_BOSS,U_SMURF_56,100.0,2026-01-16 12:56:00,1,smurfing_layer1
TX_7182,U_FRAUD_BOSS,U_SMURF_57,100.0,2026-01-16 12:57:00,1,smurfing_layer1
TX_7184,U_FRAUD_BOSS,U_SMURF_58,100.0,2026-01-16 12:58:00,1,smurfing_layer1
TX_7186,U_FRAUD_BOSS,U_SMURF_59,100.0,2026-01-16 12:59:00,1,smurfing_layer1
TX_7188,U_FRAUD_BOSS,U_SMURF_60,100.0,2026-01-16 13:00:00,1,smurfing_layer1
TX_7190,U_FRAUD_BOSS,U_SMURF_61,100.0,2026-01-16 13:01:00,1,smurfing_layer1
TX_7192,U_FRAUD_BOSS,U_SMURF_62,100.0,2026-01-16 13:02:00,1,smurfing_layer1
TX_7194,U_FRAUD_BOSS,U_SMURF_63,100.0,2026-01-16 13:03:00,1,smurfing_layer1
TX_4019,U_NORM_151,U_NORM_3,81.02,2026-01-16 13:03:00,0,normal
TX_7196,U_FRAUD_BOSS,U_SMURF_64,100.0,2026-01-16 13:04:00,1,smurfing_layer1
TX_6833,U_NORM_38,U_COLL_41,7648.98,2026-01-16 13:05:00,1,collector_inflow
TX_7198,U_FRAUD_BOSS,U_SMURF_65,100.0,2026-01-16 13:05:00,1,smurfing_layer1
TX_7200,U_FRAUD_BOSS,U_SMURF_66,100.0,2026-01-16 13:06:00,1,smurfing_layer1
TX_7202,U_FRAUD_BOSS,U_SMURF_67,100.0,2026-01-16 13:07:00,1,smurfing_layer1
TX_7204,U_FRAUD_BOSS,U_SMURF_68,100.0,2026-01-16 13:08:00,1,smurfing_layer1
TX_7206,U_FRAUD_BOSS,U_SMURF_69,100.0,2026-01-16 13:09:00,1,smurfing_layer1
TX_7208,U_FRAUD_BOSS,U_SMURF_70,100.0,2026-01-16 13:10:00,1,smurfing_layer1
TX_7210,U_FRAUD_BOSS,U_SMURF_71,100.0,2026-01-16 13:11:00,1,smurfing_layer1
TX_7212,U_FRAUD_BOSS,U_SMURF_72,100.0,2026-01-16 13:12:00,1,smurfing_layer1
TX_7214,U_FRAUD_BOSS,U_SMURF_73,100.0,2026-01-16 13:13:00,1,smurfing_layer1
TX_7216,U_FRAUD_BOSS,U_SMURF_74,100.0,2026-01-16 13:14:00,1,smurfing_layer1
TX_7218,U_FRAUD_BOSS,U_SMURF_75,100.0,2026-01-16 13:15:00,1,smurfing_layer1
TX_7220,U_FRAUD_BOSS,U_SMURF_76,100.0,2026-01-16 13:16:00,1,smurfing_layer1
TX_6016,U_NORM_868,U_COLL_1,5066.35,2026-01-16 13:17:00,1,collector_inflow
TX_7222,U_FRAUD_BOSS,U_SMURF_77,100.0,2026-01-16 13:17:00,1,smurfing_layer1
TX_7224,U_FRAUD_BOSS,U_SMURF_78,100.0,2026-01-16 13:18:00,1,smurfing_layer1
TX_7226,U_FRAUD_BOSS,U_SMURF_79,100.0,2026-01-16 13:19:00,1,smurfing_layer1
TX_7228,U_FRAUD_BOSS,U_SMURF_80,100.0,2026-01-16 13:20:00,1,smurfing_layer1
TX_6233,U_NORM_211,U_COLL_10,7126.13,2026-01-16 13:21:00,1,collector_inflow
TX_7230,U_FRAUD_BOSS,U_SMURF_81,100.0,2026-01-16 13:21:00,1,smurfing_layer1
TX_7232,U_FRAUD_BOSS,U_SMURF_82,100.0,2026-01-16 13:22:00,1,smurfing_layer1
TX_7234,U_FRAUD_BOSS,U_SMURF_83,100.0,2026-01-16 13:23:00,1,smurfing_layer1
TX_1943,U_NORM_260,U_NORM_287,335.31,2026-01-16 13:23:00,0,normal
TX_7236,U_FRAUD_BOSS,U_SMURF_84,100.0,2026-01-16 13:24:00,1,smurfing_layer1
TX_7238,U_FRAUD_BOSS,U_SMURF_85,100.0,2026-01-16 13:25:00,1,smurfing_layer1
TX_7240,U_FRAUD_BOSS,U_SMURF_86,100.0,2026-01-16 13:26:00,1,smurfing_layer1
TX_7242,U_FRAUD_BOSS,U_SMURF_87,100.0,2026-01-16 13:27:00,1,smurfing_layer1
TX_7244,U_FRAUD_BOSS,U_SMURF_88,100.0,2026-01-16 13:28:00,1,smurfing_layer1
TX_7246,U_FRAUD_BOSS,U_SMURF_89,100.0,2026-01-16 13:29:00,1,smurfing_layer1
TX_7248,U_FRAUD_BOSS,U_SMURF_90,100.0,2026-01-16 13:30:00,1,smurfing_layer1
TX_6935,U_NORM_5,U_COLL_45,9746.4,2026-01-16 13:31:00,1,collector_inflow
TX_7250,U_FRAUD_BOSS,U_SMURF_91,100.0,2026-01-16 13:31:00,1,smurfing_layer1
TX_1362,U_NORM_172,U_NORM_449,52.4,2026-01-16 13:31:00,0,normal
TX_7252,U_FRAUD_BOSS,U_SMURF_92,100.0,2026-01-16 13:32:00,1,smurfing_layer1
TX_7254,U_FRAUD_BOSS,U_SMURF_93,100.0,2026-01-16 13:33:00,1,smurfing_layer1
TX_7256,U_FRAUD_BOSS,U_SMURF_94,100.0,2026-01-16 13:34:00,1,smurfing_layer1
TX_7258,U_FRAUD_BOSS,U_SMURF_95,100.0,2026-01-16 13:35:00,1,smurfing_layer1
TX_7260,U_FRAUD_BOSS,U_SMURF_96,100.0,2026-01-16 13:36:00,1,smurfing_layer1
TX_2503,U_NORM_753,U_NORM_721,712.94,2026-01-16 13:37:00,0,normal
TX_7262,U_FRAUD_BOSS,U_SMURF_97,100.0,2026-01-16 13:37:00,1,smurfing_layer1
TX_7264,U_FRAUD_BOSS,U_SMURF_98,100.0,2026-01-16 13:38:00,1,smurfing_layer1
TX_3783,U_NORM_417,U_NORM_369,338.41,2026-01-16 13:38:00,0,normal
TX_7266,U_FRAUD_BOSS,U_SMURF_99,100.0,2026-01-16 13:39:00,1,smurfing_layer1
TX_7259,U_SMURF_95,U_FRAUD_HUB,98.04607369207358,2026-01-16 14:00:00,1,smurfing_layer2
TX_7225,U_SMURF_78,U_FRAUD_HUB,94.84231682395709,2026-01-16 14:00:00,1,smurfing_layer2
TX_7109,U_SMURF_20,U_FRAUD_HUB,90.15269802680412,2026-01-16 14:00:00,1,smurfing_layer2
TX_7171,U_SMURF_51,U_FRAUD_HUB,98.00703525859659,2026-01-16 14:01:00,1,smurfing_layer2
TX_7227,U_SMURF_79,U_FRAUD_HUB,93.15767878745787,2026-01-16 14:01:00,1,smurfing_layer2
TX_7187,U_SMURF_59,U_FRAUD_HUB,94.73362718516233,2026-01-16 14:02:00,1,smurfing_layer2
TX_7113,U_SMURF_22,U_FRAUD_HUB,93.97032768669915,2026-01-16 14:03:00,1,smurfing_layer2
TX_7205,U_SMURF_68,U_FRAUD_HUB,94.37339871558599,2026-01-16 14:03:00,1,smurfing_layer2
TX_7149,U_SMURF_40,U_FRAUD_HUB,90.65325949594917,2026-01-16 14:03:00,1,smurfing_layer2
TX_7211,U_SMURF_71,U_FRAUD_HUB,94.64246889022189,2026-01-16 14:04:00,1,smurfing_layer2
TX_2866,U_NORM_103,U_NORM_122,77.37,2026-01-16 14:04:00,0,normal
TX_7137,U_SMURF_34,U_FRAUD_HUB,91.29541205188914,2026-01-16 14:06:00,1,smurfing_layer2
TX_4161,U_NORM_647,U_NORM_535,379.19,2026-01-16 14:06:00,0,normal
TX_7095,U_SMURF_13,U_FRAUD_HUB,98.27630812191627,2026-01-16 14:06:00,1,smurfing_layer2
TX_7127,U_SMURF_29,U_FRAUD_HUB,92.45800711063,2026-01-16 14:07:00,1,smurfing_layer2
TX_7083,U_SMURF_7,U_FRAUD_HUB,97.81251022668631,2026-01-16 14:09:00,1,smurfing_layer2
TX_7221,U_SMURF_76,U_FRAUD_HUB,96.69793183763443,2026-01-16 14:09:00,1,smurfing_layer2
TX_7267,U_SMURF_99,U_FRAUD_HUB,98.62786144574429,2026-01-16 14:10:00,1,smurfing_layer2
TX_1001,U_NORM_318,U_NORM_343,211.97,2026-01-16 14:10:00,0,normal
TX_7173,U_SMURF_52,U_FRAUD_HUB,93.35662371745947,2026-01-16 14:11:00,1,smurfing_layer2
TX_7085,U_SMURF_8,U_FRAUD_HUB,95.11901048282657,2026-01-16 14:11:00,1,smurfing_layer2
TX_7069,U_SMURF_0,U_FRAUD_HUB,91.93109005482097,2026-01-16 14:13:00,1,smurfing_layer2
TX_7107,U_SMURF_19,U_FRAUD_HUB,90.58668225086302,2026-01-16 14:13:00,1,smurfing_layer2
TX_7157,U_SMURF_44,U_FRAUD_HUB,98.23772034474955,2026-01-16 14:14:00,1,smurfing_layer2
TX_7195,U_SMURF_63,U_FRAUD_HUB,94.65872897491433,2026-01-16 14:15:00,1,smurfing_layer2
TX_7141,U_SMURF_36,U_FRAUD_HUB,98.85136998229214,2026-01-16 14:17:00,1,smurfing_layer2
TX_7233,U_SMURF_82,U_FRAUD_HUB,94.14567557544584,2026-01-16 14:17:00,1,smurfing_layer2
TX_7245,U_SMURF_88,U_FRAUD_HUB,92.18952346845522,2026-01-16 14:17:00,1,smurfing_layer2
TX_7261,U_SMURF_96,U_FRAUD_HUB,97.16836857079531,2026-01-16 14:17:00,1,smurfing_layer2
TX_7193,U_SMURF_62,U_FRAUD_HUB,95.71042734042075,2026-01-16 14:18:00,1,smurfing_layer2
TX_7263,U_SMURF_97,U_FRAUD_HUB,91.3673764183926,2026-01-16 14:19:00,1,smurfing_layer2
TX_7105,U_SMURF_18,U_FRAUD_HUB,90.9139935186374,2026-01-16 14:20:00,1,smurfing_layer2
TX_7073,U_SMURF_2,U_FRAUD_HUB,92.79834058065585,2026-01-16 14:20:00,1,smurfing_layer2
TX_7089,U_SMURF_10,U_FRAUD_HUB,93.41700201197966,2026-01-16 14:20:00,1,smurfing_layer2
TX_7201,U_SMURF_66,U_FRAUD_HUB,93.45572984753665,2026-01-16 14:21:00,1,smurfing_layer2
TX_7255,U_SMURF_93,U_FRAUD_HUB,98.41130966474336,2026-01-16 14:23:00,1,smurfing_layer2
TX_7243,U_SMURF_87,U_FRAUD_HUB,95.65034862394403,2026-01-16 14:24:00,1,smurfing_layer2
TX_7081,U_SMURF_6,U_FRAUD_HUB,92.8045858165213,2026-01-16 14:25:00,1,smurfing_layer2
TX_7111,U_SMURF_21,U_FRAUD_HUB,95.80947161635319,2026-01-16 14:25:00,1,smurfing_layer2
TX_7101,U_SMURF_16,U_FRAUD_HUB,94.49802156107384,2026-01-16 14:26:00,1,smurfing_layer2
TX_7179,U_SMURF_55,U_FRAUD_HUB,94.79311472407579,2026-01-16 14:26:00,1,smurfing_layer2
TX_7175,U_SMURF_53,U_FRAUD_HUB,95.46315581103518,2026-01-16 14:26:00,1,smurfing_layer2
TX_7239,U_SMURF_85,U_FRAUD_HUB,97.31751168035092,2026-01-16 14:27:00,1,smurfing_layer2
TX_7131,U_SMURF_31,U_FRAUD_HUB,93.36355569126181,2026-01-16 14:27:00,1,smurfing_layer2
TX_7223,U_SMURF_77,U_FRAUD_HUB,96.56457749050654,2026-01-16 14:27:00,1,smurfing_layer2
TX_7199,U_SMURF_65,U_FRAUD_HUB,91.70415757523051,2026-01-16 14:28:00,1,smurfing_layer2
TX_7103,U_SMURF_17,U_FRAUD_HUB,98.57646849156018,2026-01-16 14:29:00,1,smurfing_layer2
TX_7159,U_SMURF_45,U_FRAUD_HUB,91.64039041173714,2026-01-16 14:29:00,1,smurfing_layer2
TX_7235,U_SMURF_83,U_FRAUD_HUB,98.53353070773608,2026-01-16 14:29:00,1,smurfing_layer2
TX_7079,U_SMURF_5,U_FRAUD_HUB,96.18015288994482,2026-01-16 14:31:00,1,smurfing_layer2
TX_7169,U_SMURF_50,U_FRAUD_HUB,95.46227097764542,2026-01-16 14:31:00,1,smurfing_layer2
TX_7257,U_SMURF_94,U_FRAUD_HUB,97.0870062932715,2026-01-16 14:31:00,1,smurfing_layer2
TX_7163,U_SMURF_47,U_FRAUD_HUB,96.3197135137573,2026-01-16 14:31:00,1,smurfing_layer2
TX_7229,U_SMURF_80,U_FRAUD_HUB,96.77090966181827,2026-01-16 14:32:00,1,smurfing_layer2
TX_7099,U_SMURF_15,U_FRAUD_HUB,97.0655405739127,2026-01-16 14:32:00,1,smurfing_layer2
TX_1969,U_NORM_359,U_NORM_142,542.45,2026-01-16 14:33:00,0,normal
TX_7155,U_SMURF_43,U_FRAUD_HUB,97.26050485235106,2026-01-16 14:33:00,1,smurfing_layer2
TX_7181,U_SMURF_56,U_FRAUD_HUB,91.23556624529948,2026-01-16 14:33:00,1,smurfing_layer2
TX_7253,U_SMURF_92,U_FRAUD_HUB,90.7473171849429,2026-01-16 14:36:00,1,smurfing_layer2
TX_7119,U_SMURF_25,U_FRAUD_HUB,96.04920492543809,2026-01-16 14:36:00,1,smurfing_layer2
TX_7151,U_SMURF_41,U_FRAUD_HUB,93.53993943791261,2026-01-16 14:37:00,1,smurfing_layer2
TX_7191,U_SMURF_61,U_FRAUD_HUB,94.15147602872392,2026-01-16 14:38:00,1,smurfing_layer2
TX_7139,U_SMURF_35,U_FRAUD_HUB,98.7458251023328,2026-01-16 14:38:00,1,smurfing_layer2
TX_7153,U_SMURF_42,U_FRAUD_HUB,91.10281122681738,2026-01-16 14:39:00,1,smurfing_layer2
TX_7231,U_SMURF_81,U_FRAUD_HUB,93.57265199469931,2026-01-16 14:39:00,1,smurfing_layer2
TX_7115,U_SMURF_23,U_FRAUD_HUB,97.90504760162666,2026-01-16 14:39:00,1,smurfing_layer2
TX_7117,U_SMURF_24,U_FRAUD_HUB,97.28849910392722,2026-01-16 14:41:00,1,smurfing_layer2
TX_5979,U_CRIM_49,U_NORM_724,1727.25,2026-01-16 14:41:00,1,criminal_outflow
TX_7203,U_SMURF_67,U_FRAUD_HUB,93.88859312642438,2026-01-16 14:42:00,1,smurfing_layer2
TX_7237,U_SMURF_84,U_FRAUD_HUB,94.00062401166794,2026-01-16 14:42:00,1,smurfing_layer2
TX_7075,U_SMURF_3,U_FRAUD_HUB,90.45357699105506,2026-01-16 14:42:00,1,smurfing_layer2
TX_7209,U_SMURF_70,U_FRAUD_HUB,97.53051476868917,2026-01-16 14:42:00,1,smurfing_layer2
TX_7249,U_SMURF_90,U_FRAUD_HUB,92.05735886395279,2026-01-16 14:44:00,1,smurfing_layer2
TX_1828,U_NORM_62,U_NORM_303,467.55,2026-01-16 14:45:00,0,normal
TX_7183,U_SMURF_57,U_FRAUD_HUB,98.15411261242134,2026-01-16 14:46:00,1,smurfing_layer2
TX_7189,U_SMURF_60,U_FRAUD_HUB,95.2744939514985,2026-01-16 14:46:00,1,smurfing_layer2
TX_7161,U_SMURF_46,U_FRAUD_HUB,93.49682124340725,2026-01-16 14:46:00,1,smurfing_layer2
TX_7219,U_SMURF_75,U_FRAUD_HUB,94.55309548653406,2026-01-16 14:46:00,1,smurfing_layer2
TX_7147,U_SMURF_39,U_FRAUD_HUB,93.644389302373,2026-01-16 14:46:00,1,smurfing_layer2
TX_7123,U_SMURF_27,U_FRAUD_HUB,98.058658489328,2026-01-16 14:47:00,1,smurfing_layer2
TX_7247,U_SMURF_89,U_FRAUD_HUB,90.47831420222853,2026-01-16 14:47:00,1,smurfing_layer2
TX_7185,U_SMURF_58,U_FRAUD_HUB,95.86639442527198,2026-01-16 14:47:00,1,smurfing_layer2
TX_7167,U_SMURF_49,U_FRAUD_HUB,94.67736536881245,2026-01-16 14:49:00,1,smurfing_layer2
TX_7213,U_SMURF_72,U_FRAUD_HUB,97.37232636370796,2026-01-16 14:50:00,1,smurfing_layer2
TX_4389,U_NORM_681,U_NORM_614,65.73,2026-01-16 14:50:00,0,normal
TX_7071,U_SMURF_1,U_FRAUD_HUB,97.45385250189638,2026-01-16 14:50:00,1,smurfing_layer2
TX_7241,U_SMURF_86,U_FRAUD_HUB,96.78955238024744,2026-01-16 14:50:00,1,smurfing_layer2
TX_7091,U_SMURF_11,U_FRAUD_HUB,91.01156490564111,2026-01-16 14:51:00,1,smurfing_layer2
TX_7197,U_SMURF_64,U_FRAUD_HUB,92.10051826477759,2026-01-16 14:51:00,1,smurfing_layer2
TX_7125,U_SMURF_28,U_FRAUD_HUB,93.48988750551466,2026-01-16 14:52:00,1,smurfing_layer2
TX_7121,U_SMURF_26,U_FRAUD_HUB,92.55211683717475,2026-01-16 14:52:00,1,smurfing_layer2
TX_7077,U_SMURF_4,U_FRAUD_HUB,94.73459277467299,2026-01-16 14:52:00,1,smurfing_layer2
TX_7143,U_SMURF_37,U_FRAUD_HUB,92.78276600912851,2026-01-16 14:52:00,1,smurfing_layer2
TX_7087,U_SMURF_9,U_FRAUD_HUB,96.09007472190461,2026-01-16 14:53:00,1,smurfing_layer2
TX_7093,U_SMURF_12,U_FRAUD_HUB,91.83310038850641,2026-01-16 14:53:00,1,smurfing_layer2
TX_7251,U_SMURF_91,U_FRAUD_HUB,98.58190292971618,2026-01-16 14:55:00,1,smurfing_layer2
TX_7177,U_SMURF_54,U_FRAUD_HUB,91.82492566973453,2026-01-16 14:55:00,1,smurfing_layer2
TX_7215,U_SMURF_73,U_FRAUD_HUB,94.46570881046719,2026-01-16 14:55:00,1,smurfing_layer2
TX_7265,U_SMURF_98,U_FRAUD_HUB,98.84323605542035,2026-01-16 14:56:00,1,smurfing_layer2
TX_7217,U_SMURF_74,U_FRAUD_HUB,90.79243777448215,2026-01-16 14:56:00,1,smurfing_layer2
TX_7145,U_SMURF_38,U_FRAUD_HUB,98.86611888632184,2026-01-16 14:57:00,1,smurfing_layer2
TX_7207,U_SMURF_69,U_FRAUD_HUB,91.2138929976156,2026-01-16 14:57:00,1,smurfing_layer2
TX_7135,U_SMURF_33,U_FRAUD_HUB,95.53959217547052,2026-01-16 14:58:00,1,smurfing_layer2
TX_5525,U_CRIM_26,U_NORM_142,1908.23,2026-01-16 14:58:00,1,criminal_outflow
TX_7133,U_SMURF_32,U_FRAUD_HUB,91.0072443842991,2026-01-16 14:58:00,1,smurfing_layer2
TX_7097,U_SMURF_14,U_FRAUD_HUB,92.46883941747782,2026-01-16 14:59:00,1,smurfing_layer2
TX_7165,U_SMURF_48,U_FRAUD_HUB,98.70431765834473,2026-01-16 15:00:00,1,smurfing_layer2
TX_7129,U_SMURF_30,U_FRAUD_HUB,92.40356092459221,2026-01-16 15:00:00,1,smurfing_layer2
TX_3544,U_NORM_898,U_NORM_840,160.53,2026-01-16 15:01:00,0,normal
TX_5954,U_CRIM_47,U_NORM_878,1589.53,2026-01-16 15:03:00,1,criminal_outflow
TX_1408,U_NORM_58,U_NORM_432,784.53,2026-01-16 15:09:00,0,normal
TX_3397,U_NORM_598,U_NORM_544,213.69,2026-01-16 15:12:00,0,normal
TX_4423,U_NORM_543,U_NORM_818,791.16,2026-01-16 15:24:00,0,normal
TX_4830,U_NORM_497,U_NORM_730,298.93,2026-01-16 15:27:00,0,normal
TX_4919,U_NORM_716,U_NORM_794,423.62,2026-01-16 15:29:00,0,normal
TX_4245,U_NORM_46,U_NORM_371,544.15,2026-01-16 15:37:00,0,normal
TX_2688,U_NORM_235,U_NORM_181,692.4,2026-01-16 15:38:00,0,normal
TX_4217,U_NORM_552,U_NORM_873,634.16,2026-01-16 15:39:00,0,normal
TX_4883,U_NORM_623,U_NORM_888,722.98,2026-01-16 16:01:00,0,normal
TX_5997,U_NORM_19,U_COLL_0,5861.07,2026-01-16 16:01:00,1,collector_inflow
TX_685,U_NORM_330,U_NORM_179,418.7,2026-01-16 16:04:00,0,normal
TX_5038,U_CRIM_1,U_NORM_129,1320.46,2026-01-16 16:08:00,1,criminal_outflow
TX_4908,U_NORM_38,U_NORM_134,759.16,2026-01-16 16:13:00,0,normal
TX_470,U_NORM_720,U_NORM_790,706.09,2026-01-16 16:14:00,0,normal
TX_3915,U_NORM_73,U_NORM_267,395.4,2026-01-16 16:21:00,0,normal
TX_602,U_NORM_397,U_NORM_188,85.81,2026-01-16 16:29:00,0,normal
TX_729,U_NORM_323,U_NORM_274,345.58,2026-01-16 16:40:00,0,normal
TX_1847,U_NORM_479,U_NORM_792,228.04,2026-01-16 16:55:00,0,normal
TX_5071,U_CRIM_3,U_NORM_704,1955.47,2026-01-16 16:55:00,1,criminal_outflow
TX_4462,U_NORM_260,U_NORM_99,75.37,2026-01-16 17:05:00,0,normal
TX_6422,U_NORM_90,U_COLL_20,8978.59,2026-01-16 17:06:00,1,collector_inflow
TX_1807,U_NORM_879,U_NORM_851,537.82,2026-01-16 17:14:00,0,normal
TX_6676,U_NORM_516,U_COLL_33,5288.81,2026-01-16 17:29:00,1,collector_inflow
TX_180,U_NORM_640,U_NORM_543,324.31,2026-01-16 17:31:00,0,normal
TX_5995,U_NORM_706,U_COLL_0,5603.85,2026-01-16 17:37:00,1,collector_inflow
TX_4404,U_NORM_807,U_NORM_478,688.25,2026-01-16 17:40:00,0,normal
TX_7052,U_NORM_270,U_NORM_531,32.32,2026-01-16 17:50:00,0,bridge
TX_3265,U_NORM_2,U_NORM_41,154.14,2026-01-16 17:56:00,0,normal
TX_2061,U_NORM_205,U_NORM_306,534.13,2026-01-16 17:59:00,0,normal
TX_1960,U_NORM_892,U_NORM_607,259.47,2026-01-16 17:59:00,0,normal
TX_5565,U_CRIM_29,U_NORM_735,1486.75,2026-01-16 18:02:00,1,criminal_outflow
TX_5898,U_CRIM_45,U_NORM_555,1624.91,2026-01-16 18:19:00,1,criminal_outflow
TX_1945,U_NORM_697,U_NORM_602,36.99,2026-01-16 18:42:00,0,normal
TX_794,U_NORM_340,U_NORM_329,88.6,2026-01-16 18:44:00,0,normal
TX_4608,U_NORM_772,U_NORM_872,495.62,2026-01-16 18:47:00,0,normal
TX_5239,U_CRIM_12,U_NORM_79,766.72,2026-01-16 18:47:00,1,criminal_outflow
TX_236,U_NORM_31,U_NORM_373,201.36,2026-01-16 18:48:00,0,normal
TX_3924,U_NORM_174,U_NORM_315,440.56,2026-01-16 18:56:00,0,normal
TX_3612,U_NORM_844,U_NORM_722,12.04,2026-01-16 19:06:00,0,normal
TX_3487,U_NORM_63,U_NORM_304,625.1,2026-01-16 19:17:00,0,normal
TX_7032,U_NORM_60,U_COLL_49,9178.74,2026-01-16 19:31:00,1,collector_inflow
TX_3793,U_NORM_376,U_NORM_316,539.98,2026-01-16 19:33:00,0,normal
TX_5475,U_CRIM_24,U_NORM_805,1681.09,2026-01-16 19:39:00,1,criminal_outflow
TX_2750,U_NORM_312,U_NORM_378,50.39,2026-01-16 19:51:00,0,normal
TX_3736,U_NORM_483,U_NORM_705,193.11,2026-01-16 20:07:00,0,normal
TX_4473,U_NORM_445,U_NORM_13,378.53,2026-01-16 20:09:00,0,normal
TX_2441,U_NORM_595,U_NORM_858,506.11,2026-01-16 20:17:00,0,normal
TX_5605,U_CRIM_30,U_NORM_1,1766.32,2026-01-16 20:25:00,1,criminal_outflow
TX_417,U_NORM_279,U_NORM_272,217.32,2026-01-16 20:35:00,0,normal
TX_6281,U_NORM_108,U_COLL_12,6004.85,2026-01-16 20:44:00,1,collector_inflow
TX_5680,U_CRIM_34,U_NORM_341,518.06,2026-01-16 20:51:00,1,criminal_outflow
TX_4434,U_NORM_400,U_NORM_385,548.58,2026-01-16 20:52:00,0,normal
TX_2774,U_NORM_840,U_NORM_860,297.51,2026-01-16 20:52:00,0,normal
TX_4071,U_NORM_447,U_NORM_53,128.41,2026-01-16 20:53:00,0,normal
TX_652,U_NORM_770,U_NORM_648,204.28,2026-01-16 20:54:00,0,normal
TX_991,U_NORM_681,U_NORM_587,281.22,2026-01-16 20:55:00,0,normal
TX_6521,U_NORM_738,U_COLL_25,5376.22,2026-01-16 21:02:00,1,collector_inflow
TX_5031,U_CRIM_1,U_NORM_582,1914.51,2026-01-16 21:06:00,1,criminal_outflow
TX_709,U_NORM_446,U_NORM_382,188.31,2026-01-16 21:08:00,0,normal
TX_6044,U_NORM_73,U_COLL_2,5566.24,2026-01-16 21:26:00,1,collector_inflow
TX_4988,U_NORM_246,U_NORM_63,610.12,2026-01-16 21:28:00,0,normal
TX_6570,U_NORM_273,U_COLL_27,5528.25,2026-01-16 21:35:00,1,collector_inflow
TX_29,U_NORM_313,U_NORM_294,424.54,2026-01-16 21:41:00,0,normal
TX_2354,U_NORM_292,U_NORM_128,493.42,2026-01-16 21:57:00,0,normal
TX_4781,U_NORM_468,U_NORM_646,481.78,2026-01-16 22:05:00,0,normal
TX_5756,U_CRIM_37,U_NORM_339,989.16,2026-01-16 22:09:00,1,criminal_outflow
TX_4841,U_NORM_352,U_NORM_432,399.54,2026-01-16 22:09:00,0,normal
TX_1768,U_NORM_581,U_NORM_482,612.38,2026-01-16 22:09:00,0,normal
TX_2727,U_NORM_825,U_NORM_765,65.03,2026-01-16 22:13:00,0,normal
TX_4993,U_NORM_653,U_NORM_617,380.8,2026-01-16 22:25:00,0,normal
TX_1259,U_NORM_800,U_NORM_560,136.91,2026-01-16 22:56:00,0,normal
TX_6784,U_NORM_739,U_COLL_39,5815.66,2026-01-16 22:57:00,1,collector_inflow
TX_4431,U_NORM_32,U_NORM_268,405.22,2026-01-16 22:57:00,0,normal
TX_4350,U_NORM_184,U_NORM_13,691.25,2026-01-16 23:01:00,0,normal
TX_6782,U_NORM_417,U_COLL_39,7562.81,2026-01-16 23:02:00,1,collector_inflow
TX_6871,U_NORM_36,U_COLL_43,7864.66,2026-01-16 23:05:00,1,collector_inflow
TX_6039,U_NORM_46,U_COLL_2,5718.06,2026-01-16 23:05:00,1,collector_inflow
TX_4640,U_NORM_332,U_NORM_12,418.24,2026-01-16 23:16:00,0,normal
TX_2717,U_NORM_523,U_NORM_568,184.03,2026-01-16 23:23:00,0,normal
TX_6888,U_NORM_569,U_COLL_43,7863.57,2026-01-16 23:31:00,1,collector_inflow
TX_4315,U_NORM_141,U_NORM_431,587.69,2026-01-16 23:33:00,0,normal
TX_3212,U_NORM_706,U_NORM_515,499.67,2026-01-16 23:35:00,0,normal
TX_6531,U_NORM_268,U_COLL_25,6399.23,2026-01-16 23:46:00,1,collector_inflow
TX_5445,U_CRIM_23,U_NORM_678,1508.53,2026-01-17 00:08:00,1,criminal_outflow
TX_5381,U_CRIM_19,U_NORM_433,1057.09,2026-01-17 00:22:00,1,criminal_outflow
TX_2273,U_NORM_393,U_NORM_410,744.15,2026-01-17 00:28:00,0,normal
TX_550,U_NORM_893,U_NORM_614,613.21,2026-01-17 00:48:00,0,normal
TX_4858,U_NORM_859,U_NORM_594,655.93,2026-01-17 00:55:00,0,normal
TX_5331,U_CRIM_16,U_NORM_391,1809.45,2026-01-17 01:08:00,1,criminal_outflow
TX_5539,U_CRIM_27,U_NORM_697,1107.09,2026-01-17 01:27:00,1,criminal_outflow
TX_5878,U_CRIM_44,U_NORM_189,1539.9,2026-01-17 01:34:00,1,criminal_outflow
TX_420,U_NORM_641,U_NORM_639,779.15,2026-01-17 01:44:00,0,normal
TX_1895,U_NORM_352,U_NORM_373,477.27,2026-01-17 01:44:00,0,normal
TX_3117,U_NORM_615,U_NORM_756,34.13,2026-01-17 01:52:00,0,normal
TX_453,U_NORM_420,U_NORM_86,623.47,2026-01-17 02:01:00,0,normal
TX_873,U_NORM_643,U_NORM_842,369.35,2026-01-17 02:04:00,0,normal
TX_5523,U_CRIM_26,U_NORM_382,538.38,2026-01-17 02:06:00,1,criminal_outflow
TX_823,U_NORM_750,U_NORM_749,393.49,2026-01-17 02:12:00,0,normal
TX_5464,U_CRIM_23,U_NORM_224,1816.66,2026-01-17 02:32:00,1,criminal_outflow
TX_6683,U_NORM_674,U_COLL_33,5825.5,2026-01-17 02:39:00,1,collector_inflow
TX_5410,U_CRIM_21,U_NORM_45,1901.67,2026-01-17 02:40:00,1,criminal_outflow
TX_6964,U_NORM_334,U_COLL_46,7688.31,2026-01-17 02:42:00,1,collector_inflow
TX_4586,U_NORM_890,U_NORM_510,299.2,2026-01-17 02:47:00,0,normal
TX_677,U_NORM_529,U_NORM_518,451.64,2026-01-17 02:53:00,0,normal
TX_5819,U_CRIM_41,U_NORM_312,835.57,2026-01-17 02:56:00,1,criminal_outflow
TX_3945,U_NORM_788,U_NORM_496,324.81,2026-01-17 02:56:00,0,normal
TX_726,U_NORM_864,U_NORM_605,741.92,2026-01-17 03:01:00,0,normal
TX_4225,U_NORM_496,U_NORM_624,362.39,2026-01-17 03:07:00,0,normal
TX_1557,U_NORM_797,U_NORM_472,208.56,2026-01-17 03:13:00,0,normal
TX_5260,U_CRIM_13,U_NORM_649,814.67,2026-01-17 03:16:00,1,criminal_outflow
TX_3081,U_NORM_545,U_NORM_654,799.07,2026-01-17 03:23:00,0,normal
TX_5212,U_CRIM_10,U_NORM_309,604.15,2026-01-17 03:32:00,1,criminal_outflow
TX_2147,U_NORM_369,U_NORM_319,113.83,2026-01-17 03:33:00,0,normal
TX_3800,U_NORM_81,U_NORM_121,524.58,2026-01-17 03:40:00,0,normal
TX_3799,U_NORM_613,U_NORM_455,652.46,2026-01-17 03:42:00,0,normal
TX_5326,U_CRIM_16,U_NORM_343,831.84,2026-01-17 03:45:00,1,criminal_outflow
TX_6298,U_NORM_177,U_COLL_13,8266.13,2026-01-17 03:51:00,1,collector_inflow
TX_2594,U_NORM_671,U_NORM_672,18.76,2026-01-17 04:01:00,0,normal
TX_2303,U_NORM_351,U_NORM_240,786.18,2026-01-17 04:04:00,0,normal
TX_6382,U_NORM_767,U_COLL_18,5138.04,2026-01-17 04:26:00,1,collector_inflow
TX_4387,U_NORM_642,U_NORM_583,297.5,2026-01-17 04:28:00,0,normal
TX_1846,U_NORM_836,U_NORM_869,798.31,2026-01-17 04:33:00,0,normal
TX_5781,U_CRIM_39,U_NORM_518,1297.7,2026-01-17 04:35:00,1,criminal_outflow
TX_3237,U_NORM_316,U_NORM_35,247.82,2026-01-17 04:41:00,0,normal
TX_2877,U_NORM_444,U_NORM_204,706.66,2026-01-17 04:41:00,0,normal
TX_1810,U_NORM_438,U_NORM_310,166.54,2026-01-17 04:43:00,0,normal
TX_4359,U_NORM_449,U_NORM_409,497.93,2026-01-17 04:45:00,0,normal
TX_3056,U_NORM_208,U_NORM_395,548.94,2026-01-17 04:52:00,0,normal
TX_3681,U_NORM_436,U_NORM_145,386.87,2026-01-17 04:59:00,0,normal
TX_6175,U_NORM_815,U_COLL_7,8511.75,2026-01-17 05:01:00,1,collector_inflow
TX_6022,U_NORM_436,U_COLL_1,6275.23,2026-01-17 05:07:00,1,collector_inflow
TX_690,U_NORM_634,U_NORM_653,487.13,2026-01-17 05:40:00,0,normal
TX_3790,U_NORM_532,U_NORM_857,111.29,2026-01-17 05:44:00,0,normal
TX_3012,U_NORM_349,U_NORM_3,795.82,2026-01-17 05:44:00,0,normal
TX_3540,U_NORM_85,U_NORM_127,33.34,2026-01-17 06:05:00,0,normal
TX_5992,U_NORM_193,U_COLL_0,7373.99,2026-01-17 06:10:00,1,collector_inflow
TX_938,U_NORM_306,U_NORM_103,401.91,2026-01-17 06:25:00,0,normal
TX_848,U_NORM_399,U_NORM_306,248.83,2026-01-17 06:27:00,0,normal
TX_3299,U_NORM_710,U_NORM_651,319.99,2026-01-17 06:28:00,0,normal
TX_2809,U_NORM_518,U_NORM_825,615.74,2026-01-17 06:35:00,0,normal
TX_3431,U_NORM_46,U_NORM_153,36.78,2026-01-17 06:39:00,0,normal
TX_4459,U_NORM_158,U_NORM_434,569.95,2026-01-17 06:56:00,0,normal
TX_5516,U_CRIM_26,U_NORM_15,1845.15,2026-01-17 06:59:00,1,criminal_outflow
TX_4248,U_NORM_278,U_NORM_273,697.93,2026-01-17 07:06:00,0,normal
TX_5389,U_CRIM_20,U_NORM_722,857.6,2026-01-17 07:12:00,1,criminal_outflow
TX_6773,U_NORM_25,U_COLL_38,7241.05,2026-01-17 07:27:00,1,collector_inflow
TX_775,U_NORM_703,U_NORM_680,415.69,2026-01-17 07:37:00,0,normal
TX_651,U_NORM_456,U_NORM_537,298.35,2026-01-17 07:51:00,0,normal
TX_2834,U_NORM_75,U_NORM_81,253.9,2026-01-17 07:53:00,0,normal
TX_3529,U_NORM_778,U_NORM_889,650.03,2026-01-17 07:54:00,0,normal
TX_4547,U_NORM_614,U_NORM_733,241.28,2026-01-17 08:03:00,0,normal
TX_1844,U_NORM_240,U_NORM_396,13.41,2026-01-17 08:19:00,0,normal
TX_1914,U_NORM_814,U_NORM_493,707.3,2026-01-17 08:43:00,0,normal
TX_1290,U_NORM_304,U_NORM_9,113.9,2026-01-17 08:48:00,0,normal
TX_6273,U_NORM_699,U_COLL_12,8367.97,2026-01-17 08:59:00,1,collector_inflow
TX_1198,U_NORM_230,U_NORM_324,15.07,2026-01-17 09:02:00,0,normal
TX_5072,U_CRIM_3,U_NORM_653,1274.53,2026-01-17 09:05:00,1,criminal_outflow
TX_4927,U_NORM_364,U_NORM_207,733.17,2026-01-17 09:06:00,0,normal
TX_5211,U_CRIM_10,U_NORM_695,1737.7,2026-01-17 09:08:00,1,criminal_outflow
TX_2001,U_NORM_612,U_NORM_613,507.0,2026-01-17 09:11:00,0,normal
TX_5668,U_CRIM_33,U_NORM_662,697.92,2026-01-17 09:14:00,1,criminal_outflow
TX_4410,U_NORM_898,U_NORM_837,407.34,2026-01-17 09:23:00,0,normal
TX_1657,U_NORM_618,U_NORM_544,392.51,2026-01-17 09:23:00,0,normal
TX_2646,U_NORM_517,U_NORM_690,377.79,2026-01-17 09:42:00,0,normal
TX_916,U_NORM_329,U_NORM_280,292.4,2026-01-17 09:45:00,0,normal
TX_3701,U_NORM_166,U_NORM_144,524.86,2026-01-17 09:46:00,0,normal
TX_1187,U_NORM_644,U_NORM_752,465.08,2026-01-17 09:53:00,0,normal
TX_2789,U_NORM_642,U_NORM_566,243.35,2026-01-17 09:54:00,0,normal
TX_5396,U_CRIM_20,U_NORM_319,1900.0,2026-01-17 09:57:00,1,criminal_outflow
TX_562,U_NORM_392,U_NORM_175,489.61,2026-01-17 09:59:00,0,normal
TX_4271,U_NORM_682,U_NORM_647,80.87,2026-01-17 10:00:00,0,normal
TX_6576,U_NORM_475,U_COLL_27,5674.29,2026-01-17 10:04:00,1,collector_inflow
TX_1486,U_NORM_686,U_NORM_485,496.77,2026-01-17 10:04:00,0,normal
TX_4152,U_NORM_305,U_NORM_274,138.71,2026-01-17 10:05:00,0,normal
TX_6203,U_NORM_870,U_COLL_9,7481.07,2026-01-17 10:06:00,1,collector_inflow
TX_993,U_NORM_258,U_NORM_208,124.87,2026-01-17 10:10:00,0,normal
TX_2557,U_NORM_837,U_NORM_556,661.0,2026-01-17 10:16:00,0,normal
TX_1061,U_NORM_814,U_NORM_612,146.07,2026-01-17 10:16:00,0,normal
TX_1422,U_NORM_454,U_NORM_694,626.51,2026-01-17 10:25:00,0,normal
TX_2013,U_NORM_410,U_NORM_84,767.78,2026-01-17 10:30:00,0,normal
TX_4634,U_NORM_156,U_NORM_50,515.97,2026-01-17 10:42:00,0,normal
TX_2409,U_NORM_658,U_NORM_614,464.18,2026-01-17 10:55:00,0,normal
TX_2173,U_NORM_725,U_NORM_707,264.42,2026-01-17 11:02:00,0,normal
TX_5215,U_CRIM_10,U_NORM_289,1160.82,2026-01-17 11:07:00,1,criminal_outflow
TX_5576,U_CRIM_29,U_NORM_29,557.06,2026-01-17 11:12:00,1,criminal_outflow
TX_1000,U_NORM_161,U_NORM_268,354.96,2026-01-17 11:14:00,0,normal
TX_740,U_NORM_128,U_NORM_265,733.88,2026-01-17 11:19:00,0,normal
TX_6279,U_NORM_121,U_COLL_12,7093.62,2026-01-17 11:30:00,1,collector_inflow
TX_5426,U_CRIM_21,U_NORM_781,1151.82,2026-01-17 11:32:00,1,criminal_outflow
TX_563,U_NORM_301,U_NORM_64,709.57,2026-01-17 11:37:00,0,normal
TX_1608,U_NORM_152,U_NORM_302,62.72,2026-01-17 11:51:00,0,normal
TX_498,U_NORM_492,U_NORM_498,82.03,2026-01-17 11:53:00,0,normal
TX_1958,U_NORM_63,U_NORM_264,400.84,2026-01-17 11:53:00,0,normal
TX_2891,U_NORM_166,U_NORM_25,473.32,2026-01-17 11:54:00,0,normal
TX_6655,U_NORM_680,U_COLL_32,9829.24,2026-01-17 12:38:00,1,collector_inflow
TX_2528,U_NORM_324,U_NORM_181,571.23,2026-01-17 12:48:00,0,normal
TX_3015,U_NORM_111,U_NORM_57,692.14,2026-01-17 12:48:00,0,normal
TX_3199,U_NORM_768,U_NORM_748,267.4,2026-01-17 12:52:00,0,normal
TX_6113,U_NORM_756,U_COLL_5,8443.25,2026-01-17 13:01:00,1,collector_inflow
TX_1751,U_NORM_325,U_NORM_361,289.15,2026-01-17 13:11:00,0,normal
TX_5018,U_CRIM_1,U_NORM_59,923.19,2026-01-17 13:17:00,1,criminal_outflow
TX_3427,U_NORM_423,U_NORM_255,385.89,2026-01-17 13:31:00,0,normal
TX_2233,U_NORM_601,U_NORM_614,235.54,2026-01-17 13:32:00,0,normal
TX_3522,U_NORM_582,U_NORM_562,437.92,2026-01-17 13:34:00,0,normal
TX_6282,U_NORM_613,U_COLL_12,5468.31,2026-01-17 13:42:00,1,collector_inflow
TX_2752,U_NORM_277,U_NORM_110,147.68,2026-01-17 13:55:00,0,normal
TX_6751,U_NORM_753,U_COLL_37,9435.11,2026-01-17 13:57:00,1,collector_inflow
TX_996,U_NORM_549,U_NORM_532,92.77,2026-01-17 14:01:00,0,normal
TX_5843,U_CRIM_42,U_NORM_282,1648.53,2026-01-17 14:03:00,1,criminal_outflow
TX_3850,U_NORM_179,U_NORM_38,352.1,2026-01-17 14:03:00,0,normal
TX_5070,U_CRIM_3,U_NORM_759,1531.25,2026-01-17 14:19:00,1,criminal_outflow
TX_6641,U_NORM_29,U_COLL_31,9925.95,2026-01-17 14:38:00,1,collector_inflow
TX_754,U_NORM_534,U_NORM_557,367.27,2026-01-17 14:51:00,0,normal
TX_1391,U_NORM_186,U_NORM_32,741.24,2026-01-17 14:51:00,0,normal
TX_4636,U_NORM_51,U_NORM_22,366.2,2026-01-17 14:52:00,0,normal
TX_179,U_NORM_176,U_NORM_339,374.07,2026-01-17 15:06:00,0,normal
TX_3289,U_NORM_461,U_NORM_623,271.16,2026-01-17 15:09:00,0,normal
TX_2897,U_NORM_224,U_NORM_202,672.68,2026-01-17 15:10:00,0,normal
TX_6589,U_NORM_439,U_COLL_28,7860.23,2026-01-17 15:15:00,1,collector_inflow
TX_1433,U_NORM_468,U_NORM_762,606.19,2026-01-17 15:16:00,0,normal
TX_3129,U_NORM_801,U_NORM_751,176.15,2026-01-17 15:18:00,0,normal
TX_2702,U_NORM_887,U_NORM_654,511.34,2026-01-17 15:25:00,0,normal
TX_4705,U_NORM_812,U_NORM_658,240.03,2026-01-17 15:29:00,0,normal
TX_35,U_NORM_46,U_NORM_24,44.79,2026-01-17 15:33:00,0,normal
TX_2807,U_NORM_299,U_NORM_107,91.89,2026-01-17 15:42:00,0,normal
TX_6339,U_NORM_53,U_COLL_16,9162.06,2026-01-17 15:42:00,1,collector_inflow
TX_3279,U_NORM_461,U_NORM_761,376.73,2026-01-17 15:42:00,0,normal
TX_1513,U_NORM_511,U_NORM_731,363.22,2026-01-17 15:47:00,0,normal
TX_2451,U_NORM_299,U_NORM_433,323.3,2026-01-17 15:51:00,0,normal
TX_1078,U_NORM_798,U_NORM_791,275.3,2026-01-17 15:59:00,0,normal
TX_5192,U_CRIM_9,U_NORM_311,1697.59,2026-01-17 16:00:00,1,criminal_outflow
TX_309,U_NORM_426,U_NORM_112,236.71,2026-01-17 16:01:00,0,normal
TX_6645,U_NORM_310,U_COLL_32,7303.63,2026-01-17 16:01:00,1,collector_inflow
TX_2729,U_NORM_571,U_NORM_631,273.76,2026-01-17 16:03:00,0,normal
TX_5140,U_CRIM_7,U_NORM_299,1837.28,2026-01-17 16:17:00,1,criminal_outflow
TX_3428,U_NORM_898,U_NORM_756,228.21,2026-01-17 16:26:00,0,normal
TX_2703,U_NORM_681,U_NORM_578,344.83,2026-01-17 16:40:00,0,normal
TX_3100,U_NORM_699,U_NORM_761,795.38,2026-01-17 16:45:00,0,normal
TX_3209,U_NORM_499,U_NORM_811,392.43,2026-01-17 16:46:00,0,normal
TX_4572,U_NORM_760,U_NORM_691,795.1,2026-01-17 17:08:00,0,normal
TX_6224,U_NORM_486,U_COLL_10,8894.31,2026-01-17 17:14:00,1,collector_inflow
TX_302,U_NORM_864,U_NORM_706,126.87,2026-01-17 17:17:00,0,normal
TX_1861,U_NORM_277,U_NORM_265,590.94,2026-01-17 17:18:00,0,normal
TX_1190,U_NORM_1,U_NORM_281,677.0,2026-01-17 17:27:00,0,normal
TX_2580,U_NORM_100,U_NORM_303,608.84,2026-01-17 17:29:00,0,normal
TX_3867,U_NORM_586,U_NORM_887,450.74,2026-01-17 17:33:00,0,normal
TX_2826,U_NORM_406,U_NORM_293,557.92,2026-01-17 17:43:00,0,normal
TX_6742,U_NORM_554,U_COLL_37,5265.35,2026-01-17 17:51:00,1,collector_inflow
TX_5868,U_CRIM_43,U_NORM_744,1124.08,2026-01-17 17:53:00,1,criminal_outflow
TX_1148,U_NORM_684,U_NORM_837,180.17,2026-01-17 17:57:00,0,normal
TX_6850,U_NORM_362,U_COLL_41,6258.32,2026-01-17 17:59:00,1,collector_inflow
TX_2287,U_NORM_757,U_NORM_593,790.8,2026-01-17 18:10:00,0,normal
TX_6364,U_NORM_125,U_COLL_18,5542.72,2026-01-17 18:15:00,1,collector_inflow
TX_1599,U_NORM_26,U_NORM_102,19.17,2026-01-17 18:18:00,0,normal
TX_6433,U_NORM_691,U_COLL_20,8609.26,2026-01-17 18:24:00,1,collector_inflow
TX_1727,U_NORM_879,U_NORM_515,742.0,2026-01-17 18:24:00,0,normal
TX_6587,U_NORM_401,U_COLL_28,9695.2,2026-01-17 18:28:00,1,collector_inflow
TX_6765,U_NORM_789,U_COLL_38,6325.03,2026-01-17 18:32:00,1,collector_inflow
TX_1825,U_NORM_76,U_NORM_12,770.74,2026-01-17 18:43:00,0,normal
TX_6427,U_NORM_168,U_COLL_20,9408.17,2026-01-17 18:46:00,1,collector_inflow
TX_163,U_NORM_646,U_NORM_591,408.61,2026-01-17 18:49:00,0,normal
TX_2988,U_NORM_276,U_NORM_80,500.99,2026-01-17 19:04:00,0,normal
TX_392,U_NORM_660,U_NORM_683,691.77,2026-01-17 19:10:00,0,normal
TX_6685,U_NORM_246,U_COLL_33,8486.23,2026-01-17 19:12:00,1,collector_inflow
TX_1964,U_NORM_358,U_NORM_416,147.2,2026-01-17 19:24:00,0,normal
TX_1997,U_NORM_111,U_NORM_259,360.78,2026-01-17 19:29:00,0,normal
TX_4981,U_NORM_341,U_NORM_214,520.59,2026-01-17 19:29:00,0,normal
TX_6965,U_NORM_771,U_COLL_46,5304.07,2026-01-17 19:32:00,1,collector_inflow
TX_2583,U_NORM_231,U_NORM_259,347.36,2026-01-17 19:32:00,0,normal
TX_523,U_NORM_98,U_NORM_314,514.04,2026-01-17 19:34:00,0,normal
TX_4428,U_NORM_798,U_NORM_819,219.07,2026-01-17 19:42:00,0,normal
TX_4354,U_NORM_789,U_NORM_764,779.43,2026-01-17 19:49:00,0,normal
TX_3791,U_NORM_386,U_NORM_180,380.46,2026-01-17 19:50:00,0,normal
TX_3114,U_NORM_543,U_NORM_872,19.06,2026-01-17 20:07:00,0,normal
TX_6842,U_NORM_256,U_COLL_41,7726.58,2026-01-17 20:11:00,1,collector_inflow
TX_1654,U_NORM_840,U_NORM_898,609.76,2026-01-17 20:21:00,0,normal
TX_3353,U_NORM_57,U_NORM_101,393.24,2026-01-17 20:22:00,0,normal
TX_6989,U_NORM_325,U_COLL_47,8126.72,2026-01-17 20:25:00,1,collector_inflow
TX_5722,U_CRIM_35,U_NORM_714,928.18,2026-01-17 20:26:00,1,criminal_outflow
TX_3986,U_NORM_779,U_NORM_645,281.34,2026-01-17 20:40:00,0,normal
TX_3331,U_NORM_265,U_NORM_80,716.8,2026-01-17 20:46:00,0,normal
TX_4448,U_NORM_611,U_NORM_587,580.44,2026-01-17 20:52:00,0,normal
TX_2604,U_NORM_308,U_NORM_182,262.33,2026-01-17 20:54:00,0,normal
TX_4631,U_NORM_210,U_NORM_327,636.5,2026-01-17 21:06:00,0,normal
TX_5960,U_CRIM_48,U_NORM_392,974.05,2026-01-17 21:18:00,1,criminal_outflow
TX_2444,U_NORM_510,U_NORM_870,571.65,2026-01-17 21:19:00,0,normal
TX_3245,U_NORM_215,U_NORM_9,259.93,2026-01-17 21:29:00,0,normal
TX_2804,U_NORM_464,U_NORM_501,534.02,2026-01-17 21:29:00,0,normal
TX_1401,U_NORM_425,U_NORM_398,617.33,2026-01-17 21:33:00,0,normal
TX_4085,U_NORM_528,U_NORM_713,291.81,2026-01-17 21:35:00,0,normal
TX_2277,U_NORM_80,U_NORM_302,622.44,2026-01-17 21:41:00,0,normal
TX_3877,U_NORM_443,U_NORM_328,604.5,2026-01-17 21:56:00,0,normal
TX_231,U_NORM_695,U_NORM_882,492.57,2026-01-17 22:03:00,0,normal
TX_3482,U_NORM_372,U_NORM_309,96.46,2026-01-17 22:04:00,0,normal
TX_1941,U_NORM_885,U_NORM_671,207.21,2026-01-17 22:12:00,0,normal
TX_6832,U_NORM_686,U_COLL_41,9740.88,2026-01-17 22:14:00,1,collector_inflow
TX_4857,U_NORM_389,U_NORM_4,471.88,2026-01-17 22:16:00,0,normal
TX_3449,U_NORM_80,U_NORM_241,107.52,2026-01-17 22:16:00,0,normal
TX_5699,U_CRIM_35,U_NORM_361,1563.03,2026-01-17 22:21:00,1,criminal_outflow
TX_5594,U_CRIM_30,U_NORM_620,1948.48,2026-01-17 22:23:00,1,criminal_outflow
TX_1292,U_NORM_599,U_NORM_876,697.29,2026-01-17 22:25:00,0,normal
TX_3455,U_NORM_866,U_NORM_689,450.95,2026-01-17 22:38:00,0,normal
TX_3823,U_NORM_705,U_NORM_561,103.48,2026-01-17 22:54:00,0,normal
TX_1068,U_NORM_357,U_NORM_420,244.18,2026-01-17 23:02:00,0,normal
TX_3941,U_NORM_341,U_NORM_432,229.22,2026-01-17 23:06:00,0,normal
TX_3235,U_NORM_791,U_NORM_894,545.22,2026-01-17 23:12:00,0,normal
TX_3980,U_NORM_499,U_NORM_623,709.36,2026-01-17 23:19:00,0,normal
TX_3411,U_NORM_387,U_NORM_328,729.34,2026-01-17 23:23:00,0,normal
TX_6562,U_NORM_391,U_COLL_27,8594.63,2026-01-17 23:26:00,1,collector_inflow
TX_2581,U_NORM_844,U_NORM_811,326.25,2026-01-17 23:46:00,0,normal
TX_5234,U_CRIM_12,U_NORM_286,1283.05,2026-01-17 23:47:00,1,criminal_outflow
TX_657,U_NORM_528,U_NORM_523,308.16,2026-01-17 23:55:00,0,normal
TX_172,U_NORM_298,U_NORM_255,745.76,2026-01-18 00:04:00,0,normal
TX_5397,U_CRIM_20,U_NORM_3,1931.42,2026-01-18 00:10:00,1,criminal_outflow
TX_656,U_NORM_686,U_NORM_586,103.34,2026-01-18 00:20:00,0,normal
TX_3054,U_NORM_582,U_NORM_489,304.0,2026-01-18 00:21:00,0,normal
TX_75,U_NORM_312,U_NORM_400,320.91,2026-01-18 00:46:00,0,normal
TX_6135,U_NORM_174,U_COLL_6,5964.15,2026-01-18 00:56:00,1,collector_inflow
TX_4236,U_NORM_393,U_NORM_155,329.21,2026-01-18 01:05:00,0,normal
TX_6064,U_NORM_522,U_COLL_3,8509.8,2026-01-18 01:05:00,1,collector_inflow
TX_1043,U_NORM_29,U_NORM_33,663.62,2026-01-18 01:09:00,0,normal
TX_1884,U_NORM_383,U_NORM_144,760.65,2026-01-18 01:10:00,0,normal
TX_3546,U_NORM_193,U_NORM_353,701.84,2026-01-18 01:14:00,0,normal
TX_6093,U_NORM_116,U_COLL_4,6222.04,2026-01-18 01:20:00,1,collector_inflow
TX_3101,U_NORM_247,U_NORM_64,772.18,2026-01-18 01:29:00,0,normal
TX_4833,U_NORM_255,U_NORM_140,21.31,2026-01-18 01:36:00,0,normal
TX_6526,U_NORM_40,U_COLL_25,9068.74,2026-01-18 01:43:00,1,collector_inflow
TX_3643,U_NORM_627,U_NORM_735,137.87,2026-01-18 01:44:00,0,normal
TX_115,U_NORM_203,U_NORM_79,234.13,2026-01-18 01:44:00,0,normal
TX_2088,U_NORM_382,U_NORM_389,263.99,2026-01-18 01:45:00,0,normal
TX_2786,U_NORM_214,U_NORM_163,373.55,2026-01-18 01:51:00,0,normal
TX_4574,U_NORM_252,U_NORM_214,518.25,2026-01-18 01:53:00,0,normal
TX_4016,U_NORM_421,U_NORM_384,44.79,2026-01-18 01:59:00,0,normal
TX_2032,U_NORM_802,U_NORM_839,532.6,2026-01-18 02:01:00,0,normal
TX_4677,U_NORM_634,U_NORM_607,7.55,2026-01-18 02:09:00,0,normal
TX_4318,U_NORM_885,U_NORM_648,644.39,2026-01-18 02:24:00,0,normal
TX_1522,U_NORM_173,U_NORM_43,661.54,2026-01-18 02:28:00,0,normal
TX_372,U_NORM_700,U_NORM_470,43.13,2026-01-18 02:31:00,0,normal
TX_4593,U_NORM_86,U_NORM_165,419.86,2026-01-18 02:36:00,0,normal
TX_5959,U_CRIM_48,U_NORM_376,994.15,2026-01-18 02:37:00,1,criminal_outflow
TX_1056,U_NORM_710,U_NORM_816,459.79,2026-01-18 02:46:00,0,normal
TX_6021,U_NORM_348,U_COLL_1,7673.37,2026-01-18 02:48:00,1,collector_inflow
TX_630,U_NORM_837,U_NORM_838,8.71,2026-01-18 02:48:00,0,normal
TX_5948,U_CRIM_47,U_NORM_775,552.67,2026-01-18 02:53:00,1,criminal_outflow
TX_1263,U_NORM_307,U_NORM_291,237.37,2026-01-18 02:57:00,0,normal
TX_6150,U_NORM_437,U_COLL_7,6568.44,2026-01-18 03:13:00,1,collector_inflow
TX_7029,U_NORM_261,U_COLL_49,8198.93,2026-01-18 03:24:00,1,collector_inflow
TX_3175,U_NORM_99,U_NORM_198,134.23,2026-01-18 03:30:00,0,normal
TX_344,U_NORM_832,U_NORM_717,699.86,2026-01-18 03:32:00,0,normal
TX_3227,U_NORM_151,U_NORM_354,281.01,2026-01-18 03:53:00,0,normal
TX_2890,U_NORM_545,U_NORM_698,12.8,2026-01-18 04:12:00,0,normal
TX_2240,U_NORM_85,U_NORM_130,161.73,2026-01-18 04:24:00,0,normal
TX_5249,U_CRIM_13,U_NORM_425,878.29,2026-01-18 04:25:00,1,criminal_outflow
TX_2875,U_NORM_280,U_NORM_420,179.27,2026-01-18 04:28:00,0,normal
TX_5717,U_CRIM_35,U_NORM_359,1407.91,2026-01-18 04:41:00,1,criminal_outflow
TX_674,U_NORM_261,U_NORM_14,228.75,2026-01-18 04:51:00,0,normal
TX_2627,U_NORM_802,U_NORM_736,41.91,2026-01-18 04:51:00,0,normal
TX_3806,U_NORM_760,U_NORM_463,217.78,2026-01-18 05:02:00,0,normal
TX_4579,U_NORM_4,U_NORM_417,75.63,2026-01-18 05:04:00,0,normal
TX_2975,U_NORM_473,U_NORM_488,642.38,2026-01-18 05:05:00,0,normal
TX_5202,U_CRIM_10,U_NORM_635,915.61,2026-01-18 05:13:00,1,criminal_outflow
TX_6677,U_NORM_639,U_COLL_33,9594.21,2026-01-18 05:18:00,1,collector_inflow
TX_201,U_NORM_328,U_NORM_137,721.57,2026-01-18 05:22:00,0,normal
TX_7007,U_NORM_449,U_COLL_48,7699.37,2026-01-18 05:29:00,1,collector_inflow
TX_633,U_NORM_198,U_NORM_238,616.37,2026-01-18 05:33:00,0,normal
TX_3978,U_NORM_274,U_NORM_260,403.8,2026-01-18 05:43:00,0,normal
TX_3244,U_NORM_765,U_NORM_633,85.41,2026-01-18 05:52:00,0,normal
TX_2651,U_NORM_90,U_NORM_277,791.39,2026-01-18 05:54:00,0,normal
TX_6565,U_NORM_778,U_COLL_27,6504.32,2026-01-18 05:54:00,1,collector_inflow
TX_4614,U_NORM_793,U_NORM_737,719.34,2026-01-18 05:57:00,0,normal
TX_6508,U_NORM_258,U_COLL_24,6917.04,2026-01-18 06:02:00,1,collector_inflow
TX_3813,U_NORM_52,U_NORM_434,487.41,2026-01-18 06:10:00,0,normal
TX_6223,U_NORM_133,U_COLL_10,5468.4,2026-01-18 06:22:00,1,collector_inflow
TX_878,U_NORM_438,U_NORM_14,116.09,2026-01-18 06:30:00,0,normal
TX_4568,U_NORM_883,U_NORM_758,742.2,2026-01-18 06:32:00,0,normal
TX_760,U_NORM_873,U_NORM_767,364.82,2026-01-18 06:33:00,0,normal
TX_6353,U_NORM_261,U_COLL_17,9580.76,2026-01-18 06:38:00,1,collector_inflow
TX_1159,U_NORM_143,U_NORM_358,107.11,2026-01-18 06:49:00,0,normal
TX_4642,U_NORM_878,U_NORM_775,295.3,2026-01-18 06:52:00,0,normal
TX_2344,U_NORM_634,U_NORM_736,88.04,2026-01-18 06:55:00,0,normal
TX_4055,U_NORM_199,U_NORM_200,399.92,2026-01-18 07:01:00,0,normal
TX_6738,U_NORM_398,U_COLL_37,5943.61,2026-01-18 07:02:00,1,collector_inflow
TX_132,U_NORM_209,U_NORM_22,357.46,2026-01-18 07:20:00,0,normal
TX_1412,U_NORM_539,U_NORM_589,709.65,2026-01-18 07:21:00,0,normal
TX_3198,U_NORM_394,U_NORM_361,585.16,2026-01-18 07:21:00,0,normal
TX_449,U_NORM_540,U_NORM_782,296.76,2026-01-18 07:27:00,0,normal
TX_312,U_NORM_179,U_NORM_205,423.4,2026-01-18 07:37:00,0,normal
TX_493,U_NORM_563,U_NORM_640,31.1,2026-01-18 07:37:00,0,normal
TX_4117,U_NORM_844,U_NORM_696,140.14,2026-01-18 07:37:00,0,normal
TX_2893,U_NORM_357,U_NORM_380,621.2,2026-01-18 07:38:00,0,normal
TX_3477,U_NORM_590,U_NORM_808,759.21,2026-01-18 07:41:00,0,normal
TX_1511,U_NORM_451,U_NORM_875,465.44,2026-01-18 07:59:00,0,normal
TX_4658,U_NORM_162,U_NORM_340,392.91,2026-01-18 08:09:00,0,normal
TX_2228,U_NORM_300,U_NORM_380,607.77,2026-01-18 08:24:00,0,normal
TX_4652,U_NORM_322,U_NORM_448,177.37,2026-01-18 08:42:00,0,normal
TX_6640,U_NORM_405,U_COLL_31,9735.27,2026-01-18 08:45:00,1,collector_inflow
TX_4570,U_NORM_609,U_NORM_515,699.33,2026-01-18 08:48:00,0,normal
TX_6790,U_NORM_260,U_COLL_39,9436.79,2026-01-18 08:57:00,1,collector_inflow
TX_284,U_NORM_516,U_NORM_504,313.52,2026-01-18 09:06:00,0,normal
TX_6007,U_NORM_375,U_COLL_1,7224.54,2026-01-18 09:19:00,1,collector_inflow
TX_6379,U_NORM_86,U_COLL_18,8939.1,2026-01-18 09:33:00,1,collector_inflow
TX_1080,U_NORM_461,U_NORM_824,14.79,2026-01-18 09:34:00,0,normal
TX_1942,U_NORM_247,U_NORM_323,466.87,2026-01-18 09:36:00,0,normal
TX_5787,U_CRIM_39,U_NORM_317,1837.57,2026-01-18 09:43:00,1,criminal_outflow
TX_4469,U_NORM_431,U_NORM_202,349.11,2026-01-18 09:46:00,0,normal
TX_2015,U_NORM_870,U_NORM_736,620.46,2026-01-18 09:47:00,0,normal
TX_2073,U_NORM_454,U_NORM_556,74.54,2026-01-18 09:48:00,0,normal
TX_6809,U_NORM_52,U_COLL_40,8963.2,2026-01-18 09:56:00,1,collector_inflow
TX_4118,U_NORM_35,U_NORM_39,571.82,2026-01-18 10:05:00,0,normal
TX_2447,U_NORM_446,U_NORM_0,783.13,2026-01-18 10:07:00,0,normal
TX_3543,U_NORM_173,U_NORM_246,378.8,2026-01-18 10:12:00,0,normal
TX_3912,U_NORM_808,U_NORM_878,535.27,2026-01-18 10:34:00,0,normal
TX_4813,U_NORM_259,U_NORM_24,743.27,2026-01-18 10:37:00,0,normal
TX_654,U_NORM_656,U_NORM_758,138.45,2026-01-18 10:45:00,0,normal
TX_6229,U_NORM_755,U_COLL_10,8155.67,2026-01-18 10:45:00,1,collector_inflow
TX_5935,U_CRIM_47,U_NORM_418,938.33,2026-01-18 10:45:00,1,criminal_outflow
TX_5333,U_CRIM_16,U_NORM_827,1959.2,2026-01-18 10:49:00,1,criminal_outflow
TX_5917,U_CRIM_46,U_NORM_306,1191.23,2026-01-18 10:50:00,1,criminal_outflow
TX_4985,U_NORM_833,U_NORM_739,397.37,2026-01-18 10:51:00,0,normal
TX_650,U_NORM_711,U_NORM_519,683.06,2026-01-18 11:03:00,0,normal
TX_2920,U_NORM_298,U_NORM_428,146.91,2026-01-18 11:07:00,0,normal
TX_2237,U_NORM_46,U_NORM_310,127.31,2026-01-18 11:12:00,0,normal
TX_2189,U_NORM_554,U_NORM_869,685.32,2026-01-18 11:26:00,0,normal
TX_5957,U_CRIM_48,U_NORM_141,1361.77,2026-01-18 11:35:00,1,criminal_outflow
TX_3977,U_NORM_817,U_NORM_805,281.38,2026-01-18 11:44:00,0,normal
TX_6932,U_NORM_862,U_COLL_45,8170.08,2026-01-18 11:59:00,1,collector_inflow
TX_2253,U_NORM_868,U_NORM_653,615.74,2026-01-18 12:04:00,0,normal
TX_1954,U_NORM_321,U_NORM_128,586.48,2026-01-18 12:08:00,0,normal
TX_556,U_NORM_356,U_NORM_397,427.34,2026-01-18 12:13:00,0,normal
TX_4647,U_NORM_249,U_NORM_165,560.87,2026-01-18 12:23:00,0,normal
TX_2625,U_NORM_375,U_NORM_24,627.71,2026-01-18 12:25:00,0,normal
TX_3003,U_NORM_294,U_NORM_411,667.84,2026-01-18 12:25:00,0,normal
TX_3268,U_NORM_727,U_NORM_653,403.67,2026-01-18 12:26:00,0,normal
TX_742,U_NORM_434,U_NORM_7,655.41,2026-01-18 12:28:00,0,normal
TX_5375,U_CRIM_19,U_NORM_844,954.72,2026-01-18 12:29:00,1,criminal_outflow
TX_1383,U_NORM_518,U_NORM_512,409.66,2026-01-18 12:37:00,0,normal
TX_4771,U_NORM_273,U_NORM_320,686.06,2026-01-18 12:42:00,0,normal
TX_4880,U_NORM_336,U_NORM_346,18.03,2026-01-18 12:42:00,0,normal
TX_4866,U_NORM_168,U_NORM_350,500.55,2026-01-18 12:43:00,0,normal
TX_4646,U_NORM_618,U_NORM_533,415.25,2026-01-18 12:48:00,0,normal
TX_6398,U_NORM_340,U_COLL_19,9286.84,2026-01-18 12:49:00,1,collector_inflow
TX_3723,U_NORM_890,U_NORM_502,198.77,2026-01-18 12:53:00,0,normal
TX_1746,U_NORM_788,U_NORM_829,111.57,2026-01-18 12:59:00,0,normal
TX_764,U_NORM_868,U_NORM_485,678.87,2026-01-18 13:04:00,0,normal
TX_2636,U_NORM_667,U_NORM_796,646.0,2026-01-18 13:09:00,0,normal
TX_1584,U_NORM_37,U_NORM_92,709.62,2026-01-18 13:14:00,0,normal
TX_5340,U_CRIM_17,U_NORM_444,1903.88,2026-01-18 13:19:00,1,criminal_outflow
TX_5371,U_CRIM_19,U_NORM_423,595.16,2026-01-18 13:21:00,1,criminal_outflow
TX_3111,U_NORM_2,U_NORM_430,365.57,2026-01-18 13:22:00,0,normal
TX_5107,U_CRIM_5,U_NORM_532,892.41,2026-01-18 13:30:00,1,criminal_outflow
TX_3161,U_NORM_798,U_NORM_681,429.85,2026-01-18 13:46:00,0,normal
TX_5792,U_CRIM_39,U_NORM_133,1420.53,2026-01-18 13:54:00,1,criminal_outflow
TX_2930,U_NORM_514,U_NORM_848,162.7,2026-01-18 13:56:00,0,normal
TX_6906,U_NORM_114,U_COLL_44,5352.25,2026-01-18 13:58:00,1,collector_inflow
TX_717,U_NORM_412,U_NORM_388,184.61,2026-01-18 14:09:00,0,normal
TX_3451,U_NORM_737,U_NORM_675,735.98,2026-01-18 14:19:00,0,normal
TX_6814,U_NORM_535,U_COLL_40,7982.8,2026-01-18 14:30:00,1,collector_inflow
TX_2842,U_NORM_66,U_NORM_99,82.08,2026-01-18 14:38:00,0,normal
TX_3086,U_NORM_108,U_NORM_391,367.7,2026-01-18 14:38:00,0,normal
TX_6028,U_NORM_512,U_COLL_1,8128.58,2026-01-18 14:56:00,1,collector_inflow
TX_6296,U_NORM_812,U_COLL_13,8684.99,2026-01-18 15:02:00,1,collector_inflow
TX_6694,U_NORM_308,U_COLL_34,9442.64,2026-01-18 15:02:00,1,collector_inflow
TX_841,U_NORM_11,U_NORM_425,386.9,2026-01-18 15:04:00,0,normal
TX_3511,U_NORM_553,U_NORM_728,251.74,2026-01-18 15:09:00,0,normal
TX_2207,U_NORM_303,U_NORM_28,405.24,2026-01-18 15:17:00,0,normal
TX_6977,U_NORM_561,U_COLL_47,6385.84,2026-01-18 15:19:00,1,collector_inflow
TX_4232,U_NORM_633,U_NORM_880,57.36,2026-01-18 15:23:00,0,normal
TX_1337,U_NORM_840,U_NORM_682,221.77,2026-01-18 15:35:00,0,normal
TX_6287,U_NORM_379,U_COLL_13,6357.82,2026-01-18 15:39:00,1,collector_inflow
TX_3338,U_NORM_825,U_NORM_492,200.71,2026-01-18 15:47:00,0,normal
TX_5437,U_CRIM_22,U_NORM_19,1275.12,2026-01-18 15:59:00,1,criminal_outflow
TX_4388,U_NORM_524,U_NORM_736,276.68,2026-01-18 15:59:00,0,normal
TX_2009,U_NORM_129,U_NORM_324,485.66,2026-01-18 16:00:00,0,normal
TX_1665,U_NORM_561,U_NORM_673,114.07,2026-01-18 16:06:00,0,normal
TX_1718,U_NORM_705,U_NORM_813,578.63,2026-01-18 16:19:00,0,normal
TX_6537,U_NORM_835,U_COLL_26,7798.95,2026-01-18 16:20:00,1,collector_inflow
TX_2798,U_NORM_577,U_NORM_550,748.11,2026-01-18 16:21:00,0,normal
TX_972,U_NORM_13,U_NORM_238,343.82,2026-01-18 16:32:00,0,normal
TX_1005,U_NORM_535,U_NORM_854,289.14,2026-01-18 16:35:00,0,normal
TX_5129,U_CRIM_6,U_NORM_526,637.33,2026-01-18 16:40:00,1,criminal_outflow
TX_6254,U_NORM_711,U_COLL_11,7212.08,2026-01-18 16:40:00,1,collector_inflow
TX_5497,U_CRIM_25,U_NORM_704,973.58,2026-01-18 16:53:00,1,criminal_outflow
TX_1510,U_NORM_634,U_NORM_617,664.54,2026-01-18 16:59:00,0,normal
TX_1081,U_NORM_896,U_NORM_595,255.65,2026-01-18 17:07:00,0,normal
TX_3525,U_NORM_842,U_NORM_602,278.21,2026-01-18 17:24:00,0,normal
TX_143,U_NORM_122,U_NORM_172,175.97,2026-01-18 17:30:00,0,normal
TX_6824,U_NORM_714,U_COLL_41,7397.82,2026-01-18 17:35:00,1,collector_inflow
TX_1467,U_NORM_716,U_NORM_746,698.0,2026-01-18 17:39:00,0,normal
TX_3504,U_NORM_289,U_NORM_295,380.47,2026-01-18 17:44:00,0,normal
TX_36,U_NORM_428,U_NORM_363,490.83,2026-01-18 17:46:00,0,normal
TX_2669,U_NORM_18,U_NORM_85,197.96,2026-01-18 17:55:00,0,normal
TX_207,U_NORM_451,U_NORM_530,768.7,2026-01-18 18:02:00,0,normal
TX_4212,U_NORM_775,U_NORM_549,709.48,2026-01-18 18:09:00,0,normal
TX_4957,U_NORM_43,U_NORM_229,526.45,2026-01-18 18:10:00,0,normal
TX_6881,U_NORM_273,U_COLL_43,8034.97,2026-01-18 18:16:00,1,collector_inflow
TX_4584,U_NORM_825,U_NORM_556,611.35,2026-01-18 18:17:00,0,normal
TX_4155,U_NORM_480,U_NORM_892,653.74,2026-01-18 18:17:00,0,normal
TX_6383,U_NORM_146,U_COLL_18,8575.06,2026-01-18 18:18:00,1,collector_inflow
TX_1637,U_NORM_346,U_NORM_183,582.23,2026-01-18 18:20:00,0,normal
TX_5671,U_CRIM_33,U_NORM_740,999.39,2026-01-18 18:21:00,1,criminal_outflow
TX_1580,U_NORM_628,U_NORM_564,439.27,2026-01-18 18:24:00,0,normal
TX_4230,U_NORM_752,U_NORM_507,799.35,2026-01-18 18:29:00,0,normal
TX_4912,U_NORM_41,U_NORM_280,770.34,2026-01-18 18:31:00,0,normal
TX_5775,U_CRIM_38,U_NORM_193,1541.62,2026-01-18 18:42:00,1,criminal_outflow
TX_3406,U_NORM_272,U_NORM_326,195.04,2026-01-18 18:47:00,0,normal
TX_3991,U_NORM_126,U_NORM_363,508.89,2026-01-18 18:54:00,0,normal
TX_6650,U_NORM_436,U_COLL_32,7368.84,2026-01-18 18:55:00,1,collector_inflow
TX_3475,U_NORM_260,U_NORM_392,10.26,2026-01-18 18:57:00,0,normal
TX_4281,U_NORM_484,U_NORM_613,727.59,2026-01-18 19:00:00,0,normal
TX_2590,U_NORM_674,U_NORM_516,519.61,2026-01-18 19:09:00,0,normal
TX_1762,U_NORM_711,U_NORM_684,760.81,2026-01-18 19:10:00,0,normal
TX_4882,U_NORM_364,U_NORM_363,700.02,2026-01-18 19:13:00,0,normal
TX_5156,U_CRIM_8,U_NORM_34,992.18,2026-01-18 19:16:00,1,criminal_outflow
TX_5759,U_CRIM_37,U_NORM_520,1257.04,2026-01-18 19:20:00,1,criminal_outflow
TX_5845,U_CRIM_42,U_NORM_854,1002.17,2026-01-18 19:20:00,1,criminal_outflow
TX_6311,U_NORM_556,U_COLL_15,5106.35,2026-01-18 19:27:00,1,collector_inflow
TX_617,U_NORM_618,U_NORM_802,737.59,2026-01-18 19:31:00,0,normal
TX_4889,U_NORM_606,U_NORM_556,196.94,2026-01-18 19:45:00,0,normal
TX_4619,U_NORM_455,U_NORM_762,465.55,2026-01-18 19:53:00,0,normal
TX_3788,U_NORM_156,U_NORM_20,637.5,2026-01-18 19:58:00,0,normal
TX_1723,U_NORM_663,U_NORM_836,734.18,2026-01-18 19:59:00,0,normal
TX_645,U_NORM_668,U_NORM_594,144.6,2026-01-18 19:59:00,0,normal
TX_94,U_NORM_865,U_NORM_471,297.92,2026-01-18 20:25:00,0,normal
TX_5686,U_CRIM_34,U_NORM_17,1524.96,2026-01-18 21:00:00,1,criminal_outflow
TX_4115,U_NORM_16,U_NORM_139,388.3,2026-01-18 21:16:00,0,normal
TX_2250,U_NORM_406,U_NORM_421,262.37,2026-01-18 21:17:00,0,normal
TX_4831,U_NORM_751,U_NORM_774,615.69,2026-01-18 21:21:00,0,normal
TX_3333,U_NORM_465,U_NORM_760,223.48,2026-01-18 21:27:00,0,normal
TX_7056,U_NORM_60,U_NORM_452,25.53,2026-01-18 21:44:00,0,bridge
TX_2830,U_NORM_838,U_NORM_481,305.71,2026-01-18 21:58:00,0,normal
TX_285,U_NORM_779,U_NORM_625,176.44,2026-01-18 22:04:00,0,normal
TX_624,U_NORM_490,U_NORM_791,515.94,2026-01-18 22:08:00,0,normal
TX_6783,U_NORM_507,U_COLL_39,8837.0,2026-01-18 22:17:00,1,collector_inflow
TX_1319,U_NORM_72,U_NORM_247,651.23,2026-01-18 22:27:00,0,normal
TX_6594,U_NORM_318,U_COLL_28,5244.21,2026-01-18 22:28:00,1,collector_inflow
TX_4952,U_NORM_557,U_NORM_798,118.03,2026-01-18 22:29:00,0,normal
TX_1683,U_NORM_601,U_NORM_636,712.3,2026-01-18 22:51:00,0,normal
TX_1509,U_NORM_47,U_NORM_1,284.64,2026-01-18 23:05:00,0,normal
TX_3124,U_NORM_883,U_NORM_467,448.85,2026-01-18 23:10:00,0,normal
TX_5225,U_CRIM_11,U_NORM_830,1693.94,2026-01-18 23:12:00,1,criminal_outflow
TX_4515,U_NORM_394,U_NORM_402,98.58,2026-01-18 23:18:00,0,normal
TX_3761,U_NORM_472,U_NORM_588,520.51,2026-01-18 23:24:00,0,normal
TX_2248,U_NORM_124,U_NORM_177,421.6,2026-01-18 23:26:00,0,normal
TX_6915,U_NORM_530,U_COLL_44,7120.21,2026-01-18 23:31:00,1,collector_inflow
TX_5989,U_CRIM_49,U_NORM_848,1536.75,2026-01-18 23:53:00,1,criminal_outflow
TX_5833,U_CRIM_41,U_NORM_128,1732.27,2026-01-18 23:57:00,1,criminal_outflow
TX_935,U_NORM_458,U_NORM_512,102.48,2026-01-19 00:03:00,0,normal
TX_2361,U_NORM_237,U_NORM_45,388.13,2026-01-19 00:09:00,0,normal
TX_1329,U_NORM_338,U_NORM_193,335.24,2026-01-19 00:24:00,0,normal
TX_304,U_NORM_121,U_NORM_314,73.57,2026-01-19 00:26:00,0,normal
TX_4231,U_NORM_644,U_NORM_608,243.82,2026-01-19 00:27:00,0,normal
TX_5918,U_CRIM_46,U_NORM_873,1409.38,2026-01-19 00:40:00,1,criminal_outflow
TX_1457,U_NORM_658,U_NORM_718,395.0,2026-01-19 00:46:00,0,normal
TX_6343,U_NORM_812,U_COLL_16,9836.03,2026-01-19 00:56:00,1,collector_inflow
TX_4847,U_NORM_486,U_NORM_540,702.91,2026-01-19 01:01:00,0,normal
TX_2682,U_NORM_304,U_NORM_216,628.89,2026-01-19 01:05:00,0,normal
TX_6215,U_NORM_411,U_COLL_9,8525.84,2026-01-19 01:05:00,1,collector_inflow
TX_7039,U_NORM_548,U_COLL_49,8288.57,2026-01-19 01:08:00,1,collector_inflow
TX_5503,U_CRIM_25,U_NORM_254,1962.64,2026-01-19 01:20:00,1,criminal_outflow
TX_3961,U_NORM_665,U_NORM_753,653.28,2026-01-19 01:27:00,0,normal
TX_1185,U_NORM_667,U_NORM_857,642.93,2026-01-19 01:36:00,0,normal
TX_3472,U_NORM_337,U_NORM_13,687.88,2026-01-19 01:41:00,0,normal
TX_5662,U_CRIM_33,U_NORM_663,598.89,2026-01-19 01:47:00,1,criminal_outflow
TX_5373,U_CRIM_19,U_NORM_756,1288.47,2026-01-19 01:50:00,1,criminal_outflow
TX_4156,U_NORM_267,U_NORM_9,221.63,2026-01-19 01:51:00,0,normal
TX_2066,U_NORM_868,U_NORM_874,424.9,2026-01-19 01:53:00,0,normal
TX_3691,U_NORM_455,U_NORM_861,178.74,2026-01-19 01:55:00,0,normal
TX_5829,U_CRIM_41,U_NORM_569,1980.33,2026-01-19 01:59:00,1,criminal_outflow
TX_2940,U_NORM_606,U_NORM_646,147.25,2026-01-19 02:05:00,0,normal
TX_833,U_NORM_551,U_NORM_545,372.8,2026-01-19 02:08:00,0,normal
TX_3138,U_NORM_340,U_NORM_418,200.74,2026-01-19 02:10:00,0,normal
TX_5726,U_CRIM_36,U_NORM_770,781.2,2026-01-19 02:14:00,1,criminal_outflow
TX_6644,U_NORM_236,U_COLL_32,7635.63,2026-01-19 02:21:00,1,collector_inflow
TX_578,U_NORM_68,U_NORM_13,457.83,2026-01-19 02:22:00,0,normal
TX_288,U_NORM_32,U_NORM_118,297.01,2026-01-19 02:29:00,0,normal
TX_6495,U_NORM_487,U_COLL_24,8971.54,2026-01-19 02:34:00,1,collector_inflow
TX_3812,U_NORM_815,U_NORM_744,181.15,2026-01-19 02:49:00,0,normal
TX_5117,U_CRIM_5,U_NORM_771,1000.95,2026-01-19 02:51:00,1,criminal_outflow
TX_5206,U_CRIM_10,U_NORM_653,591.9,2026-01-19 02:54:00,1,criminal_outflow
TX_2564,U_NORM_760,U_NORM_877,664.95,2026-01-19 03:55:00,0,normal
TX_515,U_NORM_168,U_NORM_310,403.63,2026-01-19 03:57:00,0,normal
TX_2950,U_NORM_198,U_NORM_390,678.24,2026-01-19 03:58:00,0,normal
TX_1249,U_NORM_528,U_NORM_734,395.18,2026-01-19 04:02:00,0,normal
TX_6042,U_NORM_409,U_COLL_2,8285.97,2026-01-19 04:23:00,1,collector_inflow
TX_219,U_NORM_652,U_NORM_626,14.87,2026-01-19 04:23:00,0,normal
TX_4307,U_NORM_63,U_NORM_392,450.88,2026-01-19 04:29:00,0,normal
TX_2487,U_NORM_264,U_NORM_4,233.62,2026-01-19 04:46:00,0,normal
TX_4844,U_NORM_367,U_NORM_298,254.28,2026-01-19 04:52:00,0,normal
TX_5938,U_CRIM_47,U_NORM_194,787.0,2026-01-19 04:58:00,1,criminal_outflow
TX_1543,U_NORM_7,U_NORM_290,286.78,2026-01-19 05:28:00,0,normal
TX_4837,U_NORM_726,U_NORM_511,135.65,2026-01-19 05:31:00,0,normal
TX_2389,U_NORM_325,U_NORM_226,314.59,2026-01-19 05:36:00,0,normal
TX_3811,U_NORM_2,U_NORM_419,233.73,2026-01-19 05:44:00,0,normal
TX_4669,U_NORM_334,U_NORM_191,351.52,2026-01-19 06:08:00,0,normal
TX_5526,U_CRIM_26,U_NORM_617,552.29,2026-01-19 06:11:00,1,criminal_outflow
TX_6913,U_NORM_207,U_COLL_44,5269.88,2026-01-19 06:14:00,1,collector_inflow
TX_871,U_NORM_560,U_NORM_576,132.64,2026-01-19 06:14:00,0,normal
TX_2170,U_NORM_11,U_NORM_437,35.33,2026-01-19 06:36:00,0,normal
TX_1978,U_NORM_260,U_NORM_265,733.6,2026-01-19 06:44:00,0,normal
TX_806,U_NORM_438,U_NORM_320,709.52,2026-01-19 06:49:00,0,normal
TX_3239,U_NORM_265,U_NORM_69,753.95,2026-01-19 07:11:00,0,normal
TX_1491,U_NORM_18,U_NORM_392,518.69,2026-01-19 07:30:00,0,normal
TX_2855,U_NORM_415,U_NORM_389,669.16,2026-01-19 07:35:00,0,normal
TX_6607,U_NORM_343,U_COLL_29,6551.73,2026-01-19 07:38:00,1,collector_inflow
TX_3907,U_NORM_829,U_NORM_870,626.65,2026-01-19 07:42:00,0,normal
TX_2768,U_NORM_363,U_NORM_127,12.9,2026-01-19 07:45:00,0,normal
TX_647,U_NORM_424,U_NORM_349,338.77,2026-01-19 07:50:00,0,normal
TX_1725,U_NORM_868,U_NORM_739,241.15,2026-01-19 08:01:00,0,normal
TX_1330,U_NORM_64,U_NORM_266,247.6,2026-01-19 08:03:00,0,normal
TX_3343,U_NORM_362,U_NORM_164,393.5,2026-01-19 08:05:00,0,normal
TX_34,U_NORM_884,U_NORM_756,659.5,2026-01-19 08:29:00,0,normal
TX_306,U_NORM_200,U_NORM_196,420.56,2026-01-19 08:40:00,0,normal
TX_5001,U_CRIM_0,U_NORM_18,930.58,2026-01-19 08:40:00,1,criminal_outflow
TX_2376,U_NORM_366,U_NORM_74,59.55,2026-01-19 08:41:00,0,normal
TX_755,U_NORM_34,U_NORM_357,697.28,2026-01-19 08:44:00,0,normal
TX_5485,U_CRIM_24,U_NORM_771,776.61,2026-01-19 08:45:00,1,criminal_outflow
TX_1243,U_NORM_494,U_NORM_646,96.82,2026-01-19 08:51:00,0,normal
TX_5807,U_CRIM_40,U_NORM_116,759.45,2026-01-19 08:54:00,1,criminal_outflow
TX_6414,U_NORM_249,U_COLL_20,5165.06,2026-01-19 09:06:00,1,collector_inflow
TX_348,U_NORM_557,U_NORM_462,227.32,2026-01-19 09:23:00,0,normal
TX_4730,U_NORM_835,U_NORM_680,712.19,2026-01-19 09:23:00,0,normal
TX_5033,U_CRIM_1,U_NORM_503,974.73,2026-01-19 09:25:00,1,criminal_outflow
TX_4218,U_NORM_667,U_NORM_456,732.1,2026-01-19 09:26:00,0,normal
TX_1842,U_NORM_141,U_NORM_280,460.27,2026-01-19 09:26:00,0,normal
TX_5614,U_CRIM_31,U_NORM_665,1463.35,2026-01-19 09:27:00,1,criminal_outflow
TX_2828,U_NORM_78,U_NORM_322,584.81,2026-01-19 09:31:00,0,normal
TX_158,U_NORM_334,U_NORM_428,726.19,2026-01-19 09:50:00,0,normal
TX_1325,U_NORM_845,U_NORM_720,755.59,2026-01-19 10:00:00,0,normal
TX_6144,U_NORM_284,U_COLL_6,5350.94,2026-01-19 10:05:00,1,collector_inflow
TX_3873,U_NORM_410,U_NORM_125,307.1,2026-01-19 10:14:00,0,normal
TX_3401,U_NORM_300,U_NORM_162,366.15,2026-01-19 10:19:00,0,normal
TX_2523,U_NORM_718,U_NORM_555,748.58,2026-01-19 10:23:00,0,normal
TX_791,U_NORM_599,U_NORM_589,124.97,2026-01-19 10:35:00,0,normal
TX_4158,U_NORM_612,U_NORM_703,66.87,2026-01-19 10:35:00,0,normal
TX_4064,U_NORM_774,U_NORM_800,474.18,2026-01-19 10:40:00,0,normal
TX_2342,U_NORM_711,U_NORM_456,400.85,2026-01-19 10:45:00,0,normal
TX_3769,U_NORM_344,U_NORM_122,754.66,2026-01-19 10:46:00,0,normal
TX_5542,U_CRIM_27,U_NORM_386,1015.35,2026-01-19 10:47:00,1,criminal_outflow
TX_2907,U_NORM_895,U_NORM_743,493.53,2026-01-19 10:52:00,0,normal
TX_3683,U_NORM_733,U_NORM_805,101.13,2026-01-19 11:01:00,0,normal
TX_6466,U_NORM_59,U_COLL_22,6100.2,2026-01-19 11:07:00,1,collector_inflow
TX_4518,U_NORM_798,U_NORM_696,503.37,2026-01-19 11:17:00,0,normal
TX_6009,U_NORM_237,U_COLL_1,8781.32,2026-01-19 11:18:00,1,collector_inflow
TX_3777,U_NORM_534,U_NORM_896,655.19,2026-01-19 11:20:00,0,normal
TX_3469,U_NORM_18,U_NORM_58,282.06,2026-01-19 11:31:00,0,normal
TX_5315,U_CRIM_16,U_NORM_473,645.76,2026-01-19 11:37:00,1,criminal_outflow
TX_1542,U_NORM_411,U_NORM_37,728.39,2026-01-19 11:37:00,0,normal
TX_4413,U_NORM_415,U_NORM_304,329.06,2026-01-19 11:44:00,0,normal
TX_4358,U_NORM_226,U_NORM_94,362.03,2026-01-19 11:45:00,0,normal
TX_4905,U_NORM_30,U_NORM_124,223.07,2026-01-19 11:54:00,0,normal
TX_1234,U_NORM_567,U_NORM_836,177.7,2026-01-19 11:59:00,0,normal
TX_83,U_NORM_743,U_NORM_613,401.89,2026-01-19 12:06:00,0,normal
TX_1057,U_NORM_109,U_NORM_184,307.82,2026-01-19 12:08:00,0,normal
TX_6087,U_NORM_155,U_COLL_4,7053.53,2026-01-19 12:12:00,1,collector_inflow
TX_766,U_NORM_160,U_NORM_100,613.71,2026-01-19 12:17:00,0,normal
TX_912,U_NORM_438,U_NORM_226,61.3,2026-01-19 12:30:00,0,normal
TX_4308,U_NORM_691,U_NORM_712,535.99,2026-01-19 12:33:00,0,normal
TX_243,U_NORM_284,U_NORM_69,586.32,2026-01-19 12:44:00,0,normal
TX_404,U_NORM_192,U_NORM_330,23.9,2026-01-19 12:45:00,0,normal
TX_268,U_NORM_676,U_NORM_853,239.11,2026-01-19 12:48:00,0,normal
TX_3716,U_NORM_283,U_NORM_146,714.65,2026-01-19 12:49:00,0,normal
TX_618,U_NORM_737,U_NORM_590,678.77,2026-01-19 13:05:00,0,normal
TX_3741,U_NORM_885,U_NORM_714,499.2,2026-01-19 13:15:00,0,normal
TX_2012,U_NORM_620,U_NORM_687,147.77,2026-01-19 13:28:00,0,normal
TX_5006,U_CRIM_0,U_NORM_156,823.32,2026-01-19 13:28:00,1,criminal_outflow
TX_3864,U_NORM_389,U_NORM_229,263.82,2026-01-19 13:30:00,0,normal
TX_1030,U_NORM_33,U_NORM_352,201.83,2026-01-19 13:42:00,0,normal
TX_260,U_NORM_857,U_NORM_849,712.53,2026-01-19 13:42:00,0,normal
TX_5275,U_CRIM_14,U_NORM_652,1500.74,2026-01-19 13:45:00,1,criminal_outflow
TX_1306,U_NORM_550,U_NORM_469,392.87,2026-01-19 13:50:00,0,normal
TX_5182,U_CRIM_9,U_NORM_573,1570.34,2026-01-19 13:59:00,1,criminal_outflow
TX_3030,U_NORM_541,U_NORM_814,671.06,2026-01-19 14:08:00,0,normal
TX_1719,U_NORM_28,U_NORM_154,195.25,2026-01-19 14:10:00,0,normal
TX_2194,U_NORM_137,U_NORM_150,81.6,2026-01-19 14:15:00,0,normal
TX_6358,U_NORM_771,U_COLL_17,8068.65,2026-01-19 14:20:00,1,collector_inflow
TX_2333,U_NORM_715,U_NORM_869,316.2,2026-01-19 14:26:00,0,normal
TX_56,U_NORM_310,U_NORM_34,98.17,2026-01-19 14:35:00,0,normal
TX_611,U_NORM_693,U_NORM_774,249.68,2026-01-19 14:35:00,0,normal
TX_2412,U_NORM_457,U_NORM_835,792.66,2026-01-19 14:47:00,0,normal
TX_4418,U_NORM_404,U_NORM_32,711.62,2026-01-19 14:55:00,0,normal
TX_7012,U_NORM_166,U_COLL_48,9754.6,2026-01-19 14:56:00,1,collector_inflow
TX_4013,U_NORM_251,U_NORM_369,66.79,2026-01-19 15:07:00,0,normal
TX_929,U_NORM_346,U_NORM_413,697.71,2026-01-19 15:09:00,0,normal
TX_3278,U_NORM_30,U_NORM_271,532.91,2026-01-19 15:20:00,0,normal
TX_600,U_NORM_48,U_NORM_400,626.78,2026-01-19 15:26:00,0,normal
TX_327,U_NORM_753,U_NORM_715,317.42,2026-01-19 15:41:00,0,normal
TX_573,U_NORM_508,U_NORM_898,175.78,2026-01-19 15:50:00,0,normal
TX_6196,U_NORM_280,U_COLL_9,9284.91,2026-01-19 15:53:00,1,collector_inflow
TX_4618,U_NORM_360,U_NORM_429,435.0,2026-01-19 16:25:00,0,normal
TX_6761,U_NORM_230,U_COLL_38,7049.49,2026-01-19 16:27:00,1,collector_inflow
TX_6165,U_NORM_876,U_COLL_7,8389.39,2026-01-19 16:42:00,1,collector_inflow
TX_4770,U_NORM_727,U_NORM_891,152.35,2026-01-19 16:43:00,0,normal
TX_6865,U_NORM_332,U_COLL_42,5391.16,2026-01-19 16:46:00,1,collector_inflow
TX_4105,U_NORM_119,U_NORM_311,220.31,2026-01-19 16:47:00,0,normal
TX_4892,U_NORM_721,U_NORM_743,345.3,2026-01-19 16:54:00,0,normal
TX_3059,U_NORM_267,U_NORM_359,147.22,2026-01-19 17:01:00,0,normal
TX_759,U_NORM_252,U_NORM_267,147.93,2026-01-19 17:08:00,0,normal
TX_282,U_NORM_164,U_NORM_380,195.02,2026-01-19 17:14:00,0,normal
TX_5376,U_CRIM_19,U_NORM_624,1973.44,2026-01-19 17:18:00,1,criminal_outflow
TX_2331,U_NORM_160,U_NORM_72,738.44,2026-01-19 17:20:00,0,normal
TX_4222,U_NORM_118,U_NORM_286,242.2,2026-01-19 17:29:00,0,normal
TX_5816,U_CRIM_41,U_NORM_521,1260.5,2026-01-19 17:41:00,1,criminal_outflow
TX_7059,U_NORM_70,U_NORM_569,71.41,2026-01-19 17:43:00,0,bridge
TX_4097,U_NORM_510,U_NORM_858,159.51,2026-01-19 17:56:00,0,normal
TX_5391,U_CRIM_20,U_NORM_83,613.77,2026-01-19 18:01:00,1,criminal_outflow
TX_5879,U_CRIM_44,U_NORM_516,1406.91,2026-01-19 18:18:00,1,criminal_outflow
TX_2216,U_NORM_888,U_NORM_808,351.89,2026-01-19 18:37:00,0,normal
TX_5205,U_CRIM_10,U_NORM_484,1051.36,2026-01-19 18:46:00,1,criminal_outflow
TX_224,U_NORM_306,U_NORM_220,100.4,2026-01-19 18:54:00,0,normal
TX_5336,U_CRIM_17,U_NORM_780,1348.51,2026-01-19 19:08:00,1,criminal_outflow
TX_4970,U_NORM_108,U_NORM_252,624.43,2026-01-19 19:43:00,0,normal
TX_627,U_NORM_339,U_NORM_16,224.67,2026-01-19 19:44:00,0,normal
TX_6520,U_NORM_842,U_COLL_25,5716.17,2026-01-19 19:53:00,1,collector_inflow
TX_2151,U_NORM_720,U_NORM_545,779.41,2026-01-19 19:54:00,0,normal
TX_316,U_NORM_450,U_NORM_560,283.94,2026-01-19 19:56:00,0,normal
TX_6840,U_NORM_381,U_COLL_41,5819.03,2026-01-19 19:58:00,1,collector_inflow
TX_3471,U_NORM_323,U_NORM_4,778.62,2026-01-19 20:01:00,0,normal
TX_1217,U_NORM_247,U_NORM_174,745.54,2026-01-19 20:03:00,0,normal
TX_5919,U_CRIM_46,U_NORM_459,782.96,2026-01-19 20:08:00,1,criminal_outflow
TX_4072,U_NORM_709,U_NORM_609,626.73,2026-01-19 20:09:00,0,normal
TX_5923,U_CRIM_46,U_NORM_122,1819.88,2026-01-19 20:10:00,1,criminal_outflow
TX_5254,U_CRIM_13,U_NORM_642,1011.29,2026-01-19 20:39:00,1,criminal_outflow
TX_568,U_NORM_279,U_NORM_25,388.87,2026-01-19 20:40:00,0,normal
TX_6547,U_NORM_783,U_COLL_26,9720.24,2026-01-19 20:50:00,1,collector_inflow
TX_5144,U_CRIM_7,U_NORM_603,1226.9,2026-01-19 20:52:00,1,criminal_outflow
TX_2246,U_NORM_256,U_NORM_358,311.9,2026-01-19 21:01:00,0,normal
TX_3512,U_NORM_37,U_NORM_269,197.64,2026-01-19 21:02:00,0,normal
TX_1129,U_NORM_753,U_NORM_470,10.73,2026-01-19 21:08:00,0,normal
TX_363,U_NORM_462,U_NORM_496,16.27,2026-01-19 21:15:00,0,normal
TX_418,U_NORM_90,U_NORM_273,6.95,2026-01-19 21:31:00,0,normal
TX_6712,U_NORM_358,U_COLL_35,8539.16,2026-01-19 21:46:00,1,collector_inflow
TX_1766,U_NORM_279,U_NORM_386,453.53,2026-01-19 21:56:00,0,normal
TX_1833,U_NORM_891,U_NORM_709,698.79,2026-01-19 21:57:00,0,normal
TX_3918,U_NORM_436,U_NORM_240,346.48,2026-01-19 22:00:00,0,normal
TX_3390,U_NORM_207,U_NORM_116,360.27,2026-01-19 22:16:00,0,normal
TX_5936,U_CRIM_47,U_NORM_167,1929.14,2026-01-19 22:28:00,1,criminal_outflow
TX_4026,U_NORM_603,U_NORM_838,187.21,2026-01-19 22:35:00,0,normal
TX_5628,U_CRIM_31,U_NORM_875,1301.67,2026-01-19 22:36:00,1,criminal_outflow
TX_3632,U_NORM_441,U_NORM_113,373.45,2026-01-19 22:38:00,0,normal
TX_73,U_NORM_532,U_NORM_488,479.74,2026-01-19 22:40:00,0,normal
TX_1523,U_NORM_477,U_NORM_601,770.28,2026-01-19 22:50:00,0,normal
TX_1029,U_NORM_455,U_NORM_783,225.29,2026-01-19 22:51:00,0,normal
TX_6388,U_NORM_866,U_COLL_19,5301.98,2026-01-19 23:01:00,1,collector_inflow
TX_1642,U_NORM_245,U_NORM_391,199.79,2026-01-19 23:12:00,0,normal
TX_1149,U_NORM_511,U_NORM_672,476.31,2026-01-19 23:18:00,0,normal
TX_3847,U_NORM_273,U_NORM_384,555.24,2026-01-19 23:22:00,0,normal
TX_355,U_NORM_369,U_NORM_199,536.62,2026-01-19 23:29:00,0,normal
TX_6029,U_NORM_657,U_COLL_1,5122.23,2026-01-19 23:33:00,1,collector_inflow
TX_2536,U_NORM_505,U_NORM_574,500.79,2026-01-19 23:37:00,0,normal
TX_1853,U_NORM_261,U_NORM_57,292.53,2026-01-19 23:39:00,0,normal
TX_2236,U_NORM_850,U_NORM_703,346.66,2026-01-19 23:46:00,0,normal
TX_6407,U_NORM_780,U_COLL_19,8839.51,2026-01-19 23:50:00,1,collector_inflow
TX_3164,U_NORM_627,U_NORM_691,297.46,2026-01-20 00:05:00,0,normal
TX_2244,U_NORM_518,U_NORM_803,107.44,2026-01-20 00:07:00,0,normal
TX_3105,U_NORM_894,U_NORM_478,366.7,2026-01-20 00:12:00,0,normal
TX_5208,U_CRIM_10,U_NORM_187,912.09,2026-01-20 00:20:00,1,criminal_outflow
TX_5039,U_CRIM_1,U_NORM_705,525.1,2026-01-20 00:22:00,1,criminal_outflow
TX_7044,U_NORM_108,U_COLL_49,8841.24,2026-01-20 00:24:00,1,collector_inflow
TX_6322,U_NORM_428,U_COLL_16,9637.44,2026-01-20 00:27:00,1,collector_inflow
TX_6366,U_NORM_45,U_COLL_18,5859.34,2026-01-20 00:27:00,1,collector_inflow
TX_5708,U_CRIM_35,U_NORM_820,635.68,2026-01-20 00:30:00,1,criminal_outflow
TX_1661,U_NORM_219,U_NORM_54,162.33,2026-01-20 00:36:00,0,normal
TX_2271,U_NORM_771,U_NORM_576,279.06,2026-01-20 00:38:00,0,normal
TX_3200,U_NORM_455,U_NORM_657,589.78,2026-01-20 00:45:00,0,normal
TX_5490,U_CRIM_25,U_NORM_811,1850.33,2026-01-20 01:00:00,1,criminal_outflow
TX_6235,U_NORM_255,U_COLL_10,9357.5,2026-01-20 01:00:00,1,collector_inflow
TX_12,U_NORM_723,U_NORM_882,465.83,2026-01-20 01:00:00,0,normal
TX_3107,U_NORM_536,U_NORM_881,310.46,2026-01-20 01:15:00,0,normal
TX_7050,U_NORM_219,U_NORM_470,74.4,2026-01-20 01:22:00,0,bridge
TX_1854,U_NORM_701,U_NORM_480,781.21,2026-01-20 01:32:00,0,normal
TX_3326,U_NORM_345,U_NORM_351,383.91,2026-01-20 01:39:00,0,normal
TX_6394,U_NORM_193,U_COLL_19,8898.45,2026-01-20 02:17:00,1,collector_inflow
TX_4139,U_NORM_655,U_NORM_605,519.73,2026-01-20 02:28:00,0,normal
TX_6717,U_NORM_332,U_COLL_36,7348.92,2026-01-20 02:32:00,1,collector_inflow
TX_3841,U_NORM_23,U_NORM_161,35.24,2026-01-20 02:33:00,0,normal
TX_1551,U_NORM_318,U_NORM_409,717.59,2026-01-20 02:40:00,0,normal
TX_524,U_NORM_51,U_NORM_221,30.66,2026-01-20 02:56:00,0,normal
TX_1204,U_NORM_870,U_NORM_680,107.48,2026-01-20 03:07:00,0,normal
TX_6687,U_NORM_316,U_COLL_34,8765.49,2026-01-20 03:20:00,1,collector_inflow
TX_3816,U_NORM_250,U_NORM_51,31.97,2026-01-20 03:36:00,0,normal
TX_1820,U_NORM_558,U_NORM_833,85.35,2026-01-20 03:41:00,0,normal
TX_48,U_NORM_764,U_NORM_886,206.02,2026-01-20 03:43:00,0,normal
TX_2196,U_NORM_529,U_NORM_480,217.46,2026-01-20 03:56:00,0,normal
TX_4848,U_NORM_603,U_NORM_652,599.97,2026-01-20 04:00:00,0,normal
TX_6769,U_NORM_122,U_COLL_38,9252.92,2026-01-20 04:05:00,1,collector_inflow
TX_5711,U_CRIM_35,U_NORM_664,1909.47,2026-01-20 04:16:00,1,criminal_outflow
TX_421,U_NORM_256,U_NORM_334,535.15,2026-01-20 04:21:00,0,normal
TX_4083,U_NORM_741,U_NORM_858,159.49,2026-01-20 04:30:00,0,normal
TX_6361,U_NORM_50,U_COLL_18,8276.51,2026-01-20 04:38:00,1,collector_inflow
TX_5158,U_CRIM_8,U_NORM_591,560.69,2026-01-20 04:40:00,1,criminal_outflow
TX_4966,U_NORM_327,U_NORM_210,80.62,2026-01-20 04:53:00,0,normal
TX_1845,U_NORM_471,U_NORM_450,549.5,2026-01-20 04:58:00,0,normal
TX_3221,U_NORM_834,U_NORM_520,613.98,2026-01-20 05:04:00,0,normal
TX_6864,U_NORM_21,U_COLL_42,9496.25,2026-01-20 05:16:00,1,collector_inflow
TX_1437,U_NORM_112,U_NORM_161,664.63,2026-01-20 05:23:00,0,normal
TX_894,U_NORM_562,U_NORM_657,627.91,2026-01-20 06:15:00,0,normal
TX_2405,U_NORM_493,U_NORM_686,217.81,2026-01-20 06:18:00,0,normal
TX_3385,U_NORM_202,U_NORM_33,718.2,2026-01-20 06:25:00,0,normal
TX_937,U_NORM_57,U_NORM_136,182.68,2026-01-20 06:26:00,0,normal
TX_463,U_NORM_715,U_NORM_890,787.2,2026-01-20 06:26:00,0,normal
TX_1393,U_NORM_304,U_NORM_351,596.31,2026-01-20 06:26:00,0,normal
TX_6024,U_NORM_479,U_COLL_1,7308.99,2026-01-20 06:27:00,1,collector_inflow
TX_4172,U_NORM_585,U_NORM_714,757.56,2026-01-20 06:31:00,0,normal
TX_778,U_NORM_681,U_NORM_575,355.8,2026-01-20 06:46:00,0,normal
TX_6654,U_NORM_93,U_COLL_32,8591.95,2026-01-20 07:00:00,1,collector_inflow
TX_6740,U_NORM_307,U_COLL_37,8735.74,2026-01-20 07:09:00,1,collector_inflow
TX_1294,U_NORM_713,U_NORM_781,526.44,2026-01-20 07:11:00,0,normal
TX_4325,U_NORM_633,U_NORM_869,374.44,2026-01-20 07:12:00,0,normal
TX_26,U_NORM_788,U_NORM_484,160.04,2026-01-20 07:15:00,0,normal
TX_1925,U_NORM_609,U_NORM_531,504.18,2026-01-20 07:16:00,0,normal
TX_1879,U_NORM_697,U_NORM_613,609.72,2026-01-20 07:20:00,0,normal
TX_6550,U_NORM_429,U_COLL_26,9711.06,2026-01-20 07:35:00,1,collector_inflow
TX_2470,U_NORM_679,U_NORM_775,121.14,2026-01-20 07:44:00,0,normal
TX_1359,U_NORM_628,U_NORM_468,281.28,2026-01-20 07:45:00,0,normal
TX_505,U_NORM_712,U_NORM_863,176.72,2026-01-20 07:51:00,0,normal
TX_5737,U_CRIM_36,U_NORM_282,1643.96,2026-01-20 07:58:00,1,criminal_outflow
TX_2529,U_NORM_616,U_NORM_759,42.24,2026-01-20 08:23:00,0,normal
TX_2816,U_NORM_769,U_NORM_606,278.11,2026-01-20 08:24:00,0,normal
TX_3393,U_NORM_296,U_NORM_239,683.7,2026-01-20 08:26:00,0,normal
TX_6498,U_NORM_834,U_COLL_24,6238.2,2026-01-20 08:28:00,1,collector_inflow
TX_2990,U_NORM_402,U_NORM_0,638.61,2026-01-20 08:40:00,0,normal
TX_1484,U_NORM_183,U_NORM_64,655.91,2026-01-20 08:46:00,0,normal
TX_4087,U_NORM_661,U_NORM_500,450.76,2026-01-20 08:48:00,0,normal
TX_477,U_NORM_878,U_NORM_536,316.76,2026-01-20 08:49:00,0,normal
TX_1272,U_NORM_214,U_NORM_178,313.58,2026-01-20 09:07:00,0,normal
TX_53,U_NORM_855,U_NORM_567,235.21,2026-01-20 09:24:00,0,normal
TX_4926,U_NORM_88,U_NORM_174,145.83,2026-01-20 09:38:00,0,normal
TX_4335,U_NORM_789,U_NORM_462,567.25,2026-01-20 09:39:00,0,normal
TX_1888,U_NORM_580,U_NORM_577,430.51,2026-01-20 09:43:00,0,normal
TX_181,U_NORM_565,U_NORM_744,11.3,2026-01-20 09:46:00,0,normal
TX_898,U_NORM_643,U_NORM_640,792.0,2026-01-20 09:49:00,0,normal
TX_5444,U_CRIM_23,U_NORM_891,704.88,2026-01-20 09:56:00,1,criminal_outflow
TX_2098,U_NORM_705,U_NORM_485,343.75,2026-01-20 09:57:00,0,normal
TX_5300,U_CRIM_15,U_NORM_413,689.31,2026-01-20 10:00:00,1,criminal_outflow
TX_5266,U_CRIM_13,U_NORM_115,1132.99,2026-01-20 10:01:00,1,criminal_outflow
TX_5540,U_CRIM_27,U_NORM_649,620.33,2026-01-20 10:06:00,1,criminal_outflow
TX_3797,U_NORM_895,U_NORM_758,520.26,2026-01-20 10:09:00,0,normal
TX_5175,U_CRIM_8,U_NORM_94,1443.71,2026-01-20 10:17:00,1,criminal_outflow
TX_2203,U_NORM_307,U_NORM_426,534.02,2026-01-20 10:22:00,0,normal
TX_5823,U_CRIM_41,U_NORM_429,1935.16,2026-01-20 10:30:00,1,criminal_outflow
TX_4114,U_NORM_847,U_NORM_567,292.93,2026-01-20 10:30:00,0,normal
TX_7009,U_NORM_732,U_COLL_48,7873.42,2026-01-20 10:35:00,1,collector_inflow
TX_4255,U_NORM_723,U_NORM_847,421.33,2026-01-20 10:47:00,0,normal
TX_5543,U_CRIM_27,U_NORM_86,869.29,2026-01-20 10:49:00,1,criminal_outflow
TX_683,U_NORM_625,U_NORM_872,525.14,2026-01-20 10:56:00,0,normal
TX_6448,U_NORM_40,U_COLL_21,6435.89,2026-01-20 11:12:00,1,collector_inflow
TX_5329,U_CRIM_16,U_NORM_246,736.32,2026-01-20 11:12:00,1,criminal_outflow
TX_3223,U_NORM_599,U_NORM_787,478.15,2026-01-20 11:13:00,0,normal
TX_2167,U_NORM_549,U_NORM_462,300.35,2026-01-20 11:29:00,0,normal
TX_7067,U_NORM_432,U_NORM_640,71.26,2026-01-20 11:31:00,0,bridge
TX_3217,U_NORM_731,U_NORM_465,170.8,2026-01-20 11:40:00,0,normal
TX_4090,U_NORM_883,U_NORM_512,601.44,2026-01-20 11:41:00,0,normal
TX_5855,U_CRIM_42,U_NORM_774,1212.0,2026-01-20 11:53:00,1,criminal_outflow
TX_4641,U_NORM_51,U_NORM_239,482.55,2026-01-20 12:00:00,0,normal
TX_133,U_NORM_49,U_NORM_329,224.25,2026-01-20 12:01:00,0,normal
TX_5430,U_CRIM_22,U_NORM_857,1536.1,2026-01-20 12:07:00,1,criminal_outflow
TX_4289,U_NORM_198,U_NORM_325,561.41,2026-01-20 12:07:00,0,normal
TX_2252,U_NORM_365,U_NORM_124,605.03,2026-01-20 12:08:00,0,normal
TX_530,U_NORM_584,U_NORM_671,222.1,2026-01-20 12:12:00,0,normal
TX_5385,U_CRIM_20,U_NORM_845,1685.04,2026-01-20 12:26:00,1,criminal_outflow
TX_4266,U_NORM_878,U_NORM_733,724.24,2026-01-20 12:28:00,0,normal
TX_21,U_NORM_785,U_NORM_866,460.05,2026-01-20 12:31:00,0,normal
TX_6464,U_NORM_385,U_COLL_22,5759.47,2026-01-20 12:43:00,1,collector_inflow
TX_1464,U_NORM_772,U_NORM_802,242.91,2026-01-20 12:50:00,0,normal
TX_5098,U_CRIM_5,U_NORM_89,1329.16,2026-01-20 12:58:00,1,criminal_outflow
TX_6240,U_NORM_243,U_COLL_10,9686.59,2026-01-20 13:10:00,1,collector_inflow
TX_3537,U_NORM_296,U_NORM_318,696.18,2026-01-20 13:18:00,0,normal
TX_1571,U_NORM_893,U_NORM_484,401.75,2026-01-20 13:24:00,0,normal
TX_3658,U_NORM_735,U_NORM_560,261.31,2026-01-20 13:26:00,0,normal
TX_4309,U_NORM_411,U_NORM_213,400.01,2026-01-20 13:27:00,0,normal
TX_192,U_NORM_82,U_NORM_28,510.97,2026-01-20 13:45:00,0,normal
TX_4382,U_NORM_663,U_NORM_653,641.0,2026-01-20 13:49:00,0,normal
TX_2242,U_NORM_366,U_NORM_167,612.31,2026-01-20 13:52:00,0,normal
TX_3241,U_NORM_275,U_NORM_8,771.12,2026-01-20 13:52:00,0,normal
TX_6609,U_NORM_644,U_COLL_29,8932.82,2026-01-20 14:03:00,1,collector_inflow
TX_4401,U_NORM_11,U_NORM_261,107.91,2026-01-20 14:11:00,0,normal
TX_6756,U_NORM_144,U_COLL_37,5011.81,2026-01-20 14:24:00,1,collector_inflow
TX_2238,U_NORM_239,U_NORM_33,561.31,2026-01-20 14:27:00,0,normal
TX_6714,U_NORM_144,U_COLL_35,8787.51,2026-01-20 14:31:00,1,collector_inflow
TX_6230,U_NORM_44,U_COLL_10,8586.89,2026-01-20 14:49:00,1,collector_inflow
TX_1733,U_NORM_822,U_NORM_705,740.08,2026-01-20 14:53:00,0,normal
TX_7019,U_NORM_352,U_COLL_49,7044.69,2026-01-20 15:07:00,1,collector_inflow
TX_5403,U_CRIM_20,U_NORM_55,823.48,2026-01-20 15:17:00,1,criminal_outflow
TX_5295,U_CRIM_14,U_NORM_706,984.28,2026-01-20 15:20:00,1,criminal_outflow
TX_1667,U_NORM_13,U_NORM_178,10.12,2026-01-20 15:22:00,0,normal
TX_50,U_NORM_415,U_NORM_266,11.72,2026-01-20 15:25:00,0,normal
TX_5168,U_CRIM_8,U_NORM_161,627.48,2026-01-20 15:34:00,1,criminal_outflow
TX_2815,U_NORM_844,U_NORM_456,60.14,2026-01-20 15:36:00,0,normal
TX_6912,U_NORM_585,U_COLL_44,8091.82,2026-01-20 15:42:00,1,collector_inflow
TX_1680,U_NORM_70,U_NORM_350,354.86,2026-01-20 15:42:00,0,normal
TX_5032,U_CRIM_1,U_NORM_310,1328.18,2026-01-20 16:02:00,1,criminal_outflow
TX_5109,U_CRIM_5,U_NORM_294,955.47,2026-01-20 16:14:00,1,criminal_outflow
TX_5806,U_CRIM_40,U_NORM_234,1225.37,2026-01-20 16:17:00,1,criminal_outflow
TX_836,U_NORM_445,U_NORM_419,388.41,2026-01-20 16:27:00,0,normal
TX_6730,U_NORM_286,U_COLL_37,7744.09,2026-01-20 16:32:00,1,collector_inflow
TX_3207,U_NORM_828,U_NORM_514,693.99,2026-01-20 16:34:00,0,normal
TX_3770,U_NORM_867,U_NORM_691,409.77,2026-01-20 16:47:00,0,normal
TX_6435,U_NORM_874,U_COLL_20,7354.08,2026-01-20 16:50:00,1,collector_inflow
TX_888,U_NORM_570,U_NORM_614,275.65,2026-01-20 16:52:00,0,normal
TX_2123,U_NORM_755,U_NORM_710,422.66,2026-01-20 17:19:00,0,normal
TX_3646,U_NORM_47,U_NORM_172,524.82,2026-01-20 17:20:00,0,normal
TX_2497,U_NORM_783,U_NORM_492,301.79,2026-01-20 17:36:00,0,normal
TX_6831,U_NORM_591,U_COLL_41,5297.99,2026-01-20 18:15:00,1,collector_inflow
TX_6914,U_NORM_607,U_COLL_44,7239.84,2026-01-20 18:18:00,1,collector_inflow
TX_4238,U_NORM_620,U_NORM_615,5.57,2026-01-20 18:26:00,0,normal
TX_5122,U_CRIM_6,U_NORM_392,1915.3,2026-01-20 18:26:00,1,criminal_outflow
TX_3423,U_NORM_54,U_NORM_236,588.41,2026-01-20 18:36:00,0,normal
TX_4673,U_NORM_468,U_NORM_692,127.63,2026-01-20 18:40:00,0,normal
TX_3463,U_NORM_764,U_NORM_663,697.78,2026-01-20 18:43:00,0,normal
TX_412,U_NORM_254,U_NORM_273,444.19,2026-01-20 18:54:00,0,normal
TX_4347,U_NORM_643,U_NORM_830,756.92,2026-01-20 18:56:00,0,normal
TX_3696,U_NORM_266,U_NORM_20,789.69,2026-01-20 19:00:00,0,normal
TX_1851,U_NORM_426,U_NORM_8,250.36,2026-01-20 19:01:00,0,normal
TX_484,U_NORM_140,U_NORM_411,393.16,2026-01-20 19:19:00,0,normal
TX_985,U_NORM_80,U_NORM_407,66.06,2026-01-20 19:20:00,0,normal
TX_371,U_NORM_368,U_NORM_262,21.19,2026-01-20 19:25:00,0,normal
TX_1729,U_NORM_650,U_NORM_481,571.8,2026-01-20 19:46:00,0,normal
TX_4656,U_NORM_387,U_NORM_388,354.64,2026-01-20 19:48:00,0,normal
TX_5911,U_CRIM_45,U_NORM_646,1814.65,2026-01-20 19:51:00,1,criminal_outflow
TX_6984,U_NORM_493,U_COLL_47,8015.16,2026-01-20 19:53:00,1,collector_inflow
TX_3860,U_NORM_430,U_NORM_138,670.7,2026-01-20 19:53:00,0,normal
TX_2614,U_NORM_622,U_NORM_809,274.41,2026-01-20 19:57:00,0,normal
TX_1446,U_NORM_806,U_NORM_451,477.08,2026-01-20 20:00:00,0,normal
TX_842,U_NORM_873,U_NORM_457,358.77,2026-01-20 20:05:00,0,normal
TX_2561,U_NORM_715,U_NORM_614,454.71,2026-01-20 20:09:00,0,normal
TX_6920,U_NORM_66,U_COLL_44,9011.69,2026-01-20 20:12:00,1,collector_inflow
TX_2048,U_NORM_218,U_NORM_418,420.89,2026-01-20 20:22:00,0,normal
TX_5320,U_CRIM_16,U_NORM_53,1945.59,2026-01-20 20:28:00,1,criminal_outflow
TX_2007,U_NORM_417,U_NORM_64,504.49,2026-01-20 20:38:00,0,normal
TX_2124,U_NORM_334,U_NORM_132,50.24,2026-01-20 20:49:00,0,normal
TX_957,U_NORM_813,U_NORM_559,596.22,2026-01-20 20:53:00,0,normal
TX_2274,U_NORM_419,U_NORM_277,529.78,2026-01-20 20:56:00,0,normal
TX_4174,U_NORM_642,U_NORM_819,387.79,2026-01-20 20:57:00,0,normal
TX_1281,U_NORM_323,U_NORM_197,509.15,2026-01-20 21:05:00,0,normal
TX_5955,U_CRIM_47,U_NORM_12,914.25,2026-01-20 21:05:00,1,criminal_outflow
TX_799,U_NORM_679,U_NORM_719,758.49,2026-01-20 21:08:00,0,normal
TX_5745,U_CRIM_36,U_NORM_1,628.26,2026-01-20 21:11:00,1,criminal_outflow
TX_2328,U_NORM_208,U_NORM_331,685.96,2026-01-20 21:16:00,0,normal
TX_2623,U_NORM_664,U_NORM_668,364.81,2026-01-20 21:17:00,0,normal
TX_4324,U_NORM_57,U_NORM_204,156.25,2026-01-20 21:27:00,0,normal
TX_6158,U_NORM_664,U_COLL_7,9151.55,2026-01-20 21:31:00,1,collector_inflow
TX_891,U_NORM_814,U_NORM_564,434.49,2026-01-20 21:40:00,0,normal
TX_3367,U_NORM_676,U_NORM_856,535.54,2026-01-20 21:51:00,0,normal
TX_203,U_NORM_141,U_NORM_140,241.14,2026-01-20 22:06:00,0,normal
TX_6127,U_NORM_49,U_COLL_6,8503.2,2026-01-20 22:19:00,1,collector_inflow
TX_5621,U_CRIM_31,U_NORM_416,965.46,2026-01-20 22:25:00,1,criminal_outflow
TX_5457,U_CRIM_23,U_NORM_170,1542.66,2026-01-20 22:42:00,1,criminal_outflow
TX_6918,U_NORM_599,U_COLL_44,5613.53,2026-01-20 22:46:00,1,collector_inflow
TX_6970,U_NORM_206,U_COLL_46,6434.12,2026-01-20 22:49:00,1,collector_inflow
TX_913,U_NORM_418,U_NORM_18,17.02,2026-01-20 22:59:00,0,normal
TX_5027,U_CRIM_1,U_NORM_744,1402.32,2026-01-20 23:05:00,1,criminal_outflow
TX_2348,U_NORM_751,U_NORM_498,458.61,2026-01-20 23:32:00,0,normal
TX_6601,U_NORM_334,U_COLL_29,5717.75,2026-01-20 23:32:00,1,collector_inflow
TX_2251,U_NORM_630,U_NORM_596,300.95,2026-01-20 23:38:00,0,normal
TX_3748,U_NORM_541,U_NORM_648,743.91,2026-01-20 23:42:00,0,normal
TX_6266,U_NORM_232,U_COLL_12,8435.34,2026-01-20 23:43:00,1,collector_inflow
TX_6873,U_NORM_161,U_COLL_43,9737.12,2026-01-20 23:43:00,1,collector_inflow
TX_246,U_NORM_526,U_NORM_742,173.08,2026-01-20 23:44:00,0,normal
TX_5025,U_CRIM_1,U_NORM_610,1200.5,2026-01-20 23:46:00,1,criminal_outflow
TX_51,U_NORM_160,U_NORM_59,270.1,2026-01-21 00:06:00,0,normal
TX_2781,U_NORM_544,U_NORM_599,744.52,2026-01-21 00:09:00,0,normal
TX_2030,U_NORM_326,U_NORM_45,759.09,2026-01-21 00:14:00,0,normal
TX_5966,U_CRIM_48,U_NORM_104,1333.85,2026-01-21 00:20:00,1,criminal_outflow
TX_2641,U_NORM_305,U_NORM_227,293.08,2026-01-21 00:23:00,0,normal
TX_682,U_NORM_257,U_NORM_176,234.09,2026-01-21 00:24:00,0,normal
TX_2982,U_NORM_737,U_NORM_757,620.23,2026-01-21 00:25:00,0,normal
TX_3230,U_NORM_377,U_NORM_379,23.04,2026-01-21 00:29:00,0,normal
TX_1605,U_NORM_681,U_NORM_610,426.05,2026-01-21 00:34:00,0,normal
TX_5532,U_CRIM_26,U_NORM_591,1894.31,2026-01-21 00:40:00,1,criminal_outflow
TX_5735,U_CRIM_36,U_NORM_49,695.51,2026-01-21 00:46:00,1,criminal_outflow
TX_2915,U_NORM_267,U_NORM_329,659.64,2026-01-21 01:03:00,0,normal
TX_3973,U_NORM_432,U_NORM_259,418.07,2026-01-21 01:06:00,0,normal
TX_3834,U_NORM_11,U_NORM_203,621.76,2026-01-21 01:14:00,0,normal
TX_2784,U_NORM_574,U_NORM_891,597.15,2026-01-21 01:15:00,0,normal
TX_1009,U_NORM_585,U_NORM_823,217.68,2026-01-21 01:16:00,0,normal
TX_6483,U_NORM_754,U_COLL_23,9227.51,2026-01-21 01:19:00,1,collector_inflow
TX_3966,U_NORM_504,U_NORM_815,352.51,2026-01-21 01:25:00,0,normal
TX_2961,U_NORM_333,U_NORM_180,36.71,2026-01-21 01:31:00,0,normal
TX_4575,U_NORM_455,U_NORM_800,503.42,2026-01-21 01:46:00,0,normal
TX_6541,U_NORM_627,U_COLL_26,5604.43,2026-01-21 01:48:00,1,collector_inflow
TX_4972,U_NORM_884,U_NORM_536,177.43,2026-01-21 01:52:00,0,normal
TX_6812,U_NORM_746,U_COLL_40,8649.21,2026-01-21 01:58:00,1,collector_inflow
TX_6441,U_NORM_263,U_COLL_21,8503.22,2026-01-21 02:12:00,1,collector_inflow
TX_3598,U_NORM_691,U_NORM_575,732.02,2026-01-21 02:14:00,0,normal
TX_4800,U_NORM_53,U_NORM_186,387.32,2026-01-21 02:14:00,0,normal
TX_91,U_NORM_495,U_NORM_851,538.87,2026-01-21 02:25:00,0,normal
TX_4062,U_NORM_32,U_NORM_333,589.09,2026-01-21 02:47:00,0,normal
TX_4092,U_NORM_436,U_NORM_52,87.42,2026-01-21 03:00:00,0,normal
TX_5510,U_CRIM_25,U_NORM_662,1087.4,2026-01-21 03:00:00,1,criminal_outflow
TX_1516,U_NORM_200,U_NORM_386,749.04,2026-01-21 03:06:00,0,normal
TX_3256,U_NORM_691,U_NORM_653,752.06,2026-01-21 03:17:00,0,normal
TX_5865,U_CRIM_43,U_NORM_597,531.51,2026-01-21 03:17:00,1,criminal_outflow
TX_564,U_NORM_559,U_NORM_740,562.98,2026-01-21 03:32:00,0,normal
TX_5675,U_CRIM_33,U_NORM_594,1319.04,2026-01-21 03:33:00,1,criminal_outflow
TX_197,U_NORM_82,U_NORM_297,238.94,2026-01-21 03:44:00,0,normal
TX_859,U_NORM_366,U_NORM_72,197.36,2026-01-21 03:45:00,0,normal
TX_2472,U_NORM_91,U_NORM_147,695.68,2026-01-21 03:49:00,0,normal
TX_5857,U_CRIM_42,U_NORM_785,1560.44,2026-01-21 03:54:00,1,criminal_outflow
TX_3763,U_NORM_785,U_NORM_874,97.62,2026-01-21 04:18:00,0,normal
TX_3581,U_NORM_430,U_NORM_128,237.11,2026-01-21 04:19:00,0,normal
TX_3695,U_NORM_849,U_NORM_831,227.88,2026-01-21 04:26:00,0,normal
TX_3180,U_NORM_510,U_NORM_630,34.94,2026-01-21 04:34:00,0,normal
TX_1801,U_NORM_844,U_NORM_470,302.03,2026-01-21 04:42:00,0,normal
TX_2373,U_NORM_521,U_NORM_764,394.96,2026-01-21 05:00:00,0,normal
TX_3258,U_NORM_734,U_NORM_570,73.32,2026-01-21 05:02:00,0,normal
TX_840,U_NORM_575,U_NORM_521,256.99,2026-01-21 05:03:00,0,normal
TX_1765,U_NORM_873,U_NORM_766,531.93,2026-01-21 05:05:00,0,normal
TX_1632,U_NORM_291,U_NORM_102,422.31,2026-01-21 05:05:00,0,normal
TX_7016,U_NORM_67,U_COLL_48,8172.87,2026-01-21 05:06:00,1,collector_inflow
TX_6405,U_NORM_505,U_COLL_19,8994.1,2026-01-21 05:12:00,1,collector_inflow
TX_1591,U_NORM_261,U_NORM_86,452.77,2026-01-21 05:12:00,0,normal
TX_1821,U_NORM_831,U_NORM_530,729.25,2026-01-21 05:14:00,0,normal
TX_3709,U_NORM_652,U_NORM_762,306.65,2026-01-21 05:19:00,0,normal
TX_67,U_NORM_738,U_NORM_613,592.14,2026-01-21 05:20:00,0,normal
TX_5838,U_CRIM_42,U_NORM_225,1346.04,2026-01-21 05:24:00,1,criminal_outflow
TX_3178,U_NORM_795,U_NORM_730,508.27,2026-01-21 05:29:00,0,normal
TX_2559,U_NORM_879,U_NORM_898,345.22,2026-01-21 05:30:00,0,normal
TX_4010,U_NORM_760,U_NORM_726,196.76,2026-01-21 05:30:00,0,normal
TX_5825,U_CRIM_41,U_NORM_674,1558.74,2026-01-21 05:56:00,1,criminal_outflow
TX_6069,U_NORM_668,U_COLL_3,6902.95,2026-01-21 06:00:00,1,collector_inflow
TX_5007,U_CRIM_0,U_NORM_459,1327.11,2026-01-21 06:07:00,1,criminal_outflow
TX_6450,U_NORM_343,U_COLL_21,6877.74,2026-01-21 06:08:00,1,collector_inflow
TX_4121,U_NORM_864,U_NORM_809,734.68,2026-01-21 06:10:00,0,normal
TX_4977,U_NORM_462,U_NORM_691,89.78,2026-01-21 06:19:00,0,normal
TX_1026,U_NORM_195,U_NORM_333,102.73,2026-01-21 06:22:00,0,normal
TX_2148,U_NORM_838,U_NORM_590,657.5,2026-01-21 06:23:00,0,normal
TX_4779,U_NORM_614,U_NORM_655,223.18,2026-01-21 06:24:00,0,normal
TX_2075,U_NORM_812,U_NORM_561,529.49,2026-01-21 06:29:00,0,normal
TX_2092,U_NORM_299,U_NORM_72,54.75,2026-01-21 06:49:00,0,normal
TX_4909,U_NORM_476,U_NORM_650,60.76,2026-01-21 06:57:00,0,normal
TX_82,U_NORM_449,U_NORM_108,43.47,2026-01-21 06:58:00,0,normal
TX_5870,U_CRIM_43,U_NORM_205,502.87,2026-01-21 07:00:00,1,criminal_outflow
TX_3023,U_NORM_2,U_NORM_339,241.28,2026-01-21 07:21:00,0,normal
TX_2965,U_NORM_877,U_NORM_669,619.88,2026-01-21 07:28:00,0,normal
TX_2718,U_NORM_530,U_NORM_464,266.09,2026-01-21 07:31:00,0,normal
TX_2709,U_NORM_667,U_NORM_638,426.56,2026-01-21 07:32:00,0,normal
TX_4700,U_NORM_456,U_NORM_736,312.47,2026-01-21 07:36:00,0,normal
TX_2104,U_NORM_242,U_NORM_59,5.93,2026-01-21 07:48:00,0,normal
TX_6866,U_NORM_167,U_COLL_42,7665.23,2026-01-21 08:00:00,1,collector_inflow
TX_676,U_NORM_48,U_NORM_419,175.49,2026-01-21 08:14:00,0,normal
TX_5984,U_CRIM_49,U_NORM_601,1616.42,2026-01-21 08:43:00,1,criminal_outflow
TX_3776,U_NORM_757,U_NORM_833,429.17,2026-01-21 08:44:00,0,normal
TX_5541,U_CRIM_27,U_NORM_707,1270.52,2026-01-21 08:46:00,1,criminal_outflow
TX_920,U_NORM_752,U_NORM_793,798.83,2026-01-21 08:50:00,0,normal
TX_2723,U_NORM_569,U_NORM_674,104.54,2026-01-21 09:05:00,0,normal
TX_1873,U_NORM_654,U_NORM_800,748.62,2026-01-21 09:15:00,0,normal
TX_3638,U_NORM_748,U_NORM_894,338.86,2026-01-21 09:18:00,0,normal
TX_2700,U_NORM_604,U_NORM_536,160.01,2026-01-21 09:33:00,0,normal
TX_4962,U_NORM_225,U_NORM_414,795.06,2026-01-21 09:42:00,0,normal
TX_6378,U_NORM_164,U_COLL_18,9068.98,2026-01-21 09:42:00,1,collector_inflow
TX_2047,U_NORM_106,U_NORM_382,409.89,2026-01-21 09:46:00,0,normal
TX_3143,U_NORM_871,U_NORM_576,99.69,2026-01-21 09:58:00,0,normal
TX_3490,U_NORM_476,U_NORM_714,571.06,2026-01-21 10:14:00,0,normal
TX_6896,U_NORM_881,U_COLL_44,5284.85,2026-01-21 10:15:00,1,collector_inflow
TX_4853,U_NORM_264,U_NORM_30,290.79,2026-01-21 10:16:00,0,normal
TX_3493,U_NORM_383,U_NORM_373,619.82,2026-01-21 10:18:00,0,normal
TX_6055,U_NORM_857,U_COLL_3,6434.01,2026-01-21 10:23:00,1,collector_inflow
TX_4517,U_NORM_433,U_NORM_416,423.86,2026-01-21 10:29:00,0,normal
TX_3249,U_NORM_849,U_NORM_839,481.81,2026-01-21 10:33:00,0,normal
TX_5480,U_CRIM_24,U_NORM_794,520.27,2026-01-21 10:35:00,1,criminal_outflow
TX_3881,U_NORM_750,U_NORM_869,285.83,2026-01-21 10:35:00,0,normal
TX_2083,U_NORM_291,U_NORM_167,596.05,2026-01-21 10:35:00,0,normal
TX_546,U_NORM_744,U_NORM_842,247.62,2026-01-21 10:41:00,0,normal
TX_1069,U_NORM_798,U_NORM_877,704.75,2026-01-21 10:44:00,0,normal
TX_3273,U_NORM_851,U_NORM_798,289.68,2026-01-21 10:49:00,0,normal
TX_7025,U_NORM_609,U_COLL_49,9138.19,2026-01-21 10:55:00,1,collector_inflow
TX_6760,U_NORM_489,U_COLL_38,6329.52,2026-01-21 11:00:00,1,collector_inflow
TX_4627,U_NORM_545,U_NORM_672,22.13,2026-01-21 11:06:00,0,normal
TX_6703,U_NORM_3,U_COLL_35,5351.89,2026-01-21 11:16:00,1,collector_inflow
TX_5104,U_CRIM_5,U_NORM_746,670.84,2026-01-21 11:19:00,1,criminal_outflow
TX_1375,U_NORM_592,U_NORM_616,123.25,2026-01-21 11:20:00,0,normal
TX_6878,U_NORM_64,U_COLL_43,5234.23,2026-01-21 11:20:00,1,collector_inflow
TX_3009,U_NORM_496,U_NORM_823,35.2,2026-01-21 11:39:00,0,normal
TX_165,U_NORM_803,U_NORM_806,313.11,2026-01-21 11:39:00,0,normal
TX_5713,U_CRIM_35,U_NORM_480,565.46,2026-01-21 11:42:00,1,criminal_outflow
TX_981,U_NORM_515,U_NORM_685,296.08,2026-01-21 11:43:00,0,normal
TX_6172,U_NORM_799,U_COLL_7,9838.59,2026-01-21 11:48:00,1,collector_inflow
TX_19,U_NORM_144,U_NORM_136,524.29,2026-01-21 11:48:00,0,normal
TX_1852,U_NORM_707,U_NORM_524,339.52,2026-01-21 11:49:00,0,normal
TX_6447,U_NORM_589,U_COLL_21,6477.25,2026-01-21 11:56:00,1,collector_inflow
TX_6988,U_NORM_175,U_COLL_47,7519.75,2026-01-21 12:04:00,1,collector_inflow
TX_5306,U_CRIM_15,U_NORM_881,1055.58,2026-01-21 12:10:00,1,criminal_outflow
TX_4755,U_NORM_635,U_NORM_854,621.46,2026-01-21 12:13:00,0,normal
TX_2660,U_NORM_77,U_NORM_201,252.81,2026-01-21 12:15:00,0,normal
TX_885,U_NORM_91,U_NORM_237,501.23,2026-01-21 12:24:00,0,normal
TX_4124,U_NORM_677,U_NORM_699,113.06,2026-01-21 12:26:00,0,normal
TX_4535,U_NORM_857,U_NORM_641,333.1,2026-01-21 12:31:00,0,normal
TX_1266,U_NORM_304,U_NORM_274,153.29,2026-01-21 12:31:00,0,normal
TX_3655,U_NORM_865,U_NORM_686,219.56,2026-01-21 12:32:00,0,normal
TX_147,U_NORM_291,U_NORM_442,216.64,2026-01-21 12:33:00,0,normal
TX_2093,U_NORM_735,U_NORM_859,652.86,2026-01-21 12:42:00,0,normal
TX_5161,U_CRIM_8,U_NORM_229,909.58,2026-01-21 12:59:00,1,criminal_outflow
TX_3824,U_NORM_264,U_NORM_143,419.42,2026-01-21 13:06:00,0,normal
TX_2833,U_NORM_715,U_NORM_822,497.8,2026-01-21 13:14:00,0,normal
TX_3061,U_NORM_593,U_NORM_801,624.62,2026-01-21 13:15:00,0,normal
TX_5201,U_CRIM_10,U_NORM_190,754.74,2026-01-21 13:19:00,1,criminal_outflow
TX_5928,U_CRIM_46,U_NORM_791,818.6,2026-01-21 13:26:00,1,criminal_outflow
TX_2457,U_NORM_809,U_NORM_701,365.51,2026-01-21 13:28:00,0,normal
TX_136,U_NORM_651,U_NORM_830,54.13,2026-01-21 13:32:00,0,normal
TX_6051,U_NORM_493,U_COLL_2,6932.25,2026-01-21 13:37:00,1,collector_inflow
TX_3127,U_NORM_351,U_NORM_189,426.22,2026-01-21 13:39:00,0,normal
TX_1216,U_NORM_212,U_NORM_197,301.25,2026-01-21 13:47:00,0,normal
TX_358,U_NORM_68,U_NORM_119,336.05,2026-01-21 13:53:00,0,normal
TX_5622,U_CRIM_31,U_NORM_117,1598.07,2026-01-21 14:05:00,1,criminal_outflow
TX_5559,U_CRIM_28,U_NORM_17,1038.83,2026-01-21 14:08:00,1,criminal_outflow
TX_4333,U_NORM_364,U_NORM_371,163.29,2026-01-21 14:19:00,0,normal
TX_4784,U_NORM_728,U_NORM_705,643.7,2026-01-21 14:25:00,0,normal
TX_218,U_NORM_548,U_NORM_828,22.01,2026-01-21 14:31:00,0,normal
TX_2014,U_NORM_154,U_NORM_237,27.02,2026-01-21 14:34:00,0,normal
TX_2499,U_NORM_79,U_NORM_352,483.08,2026-01-21 14:35:00,0,normal
TX_5118,U_CRIM_5,U_NORM_475,1671.31,2026-01-21 14:37:00,1,criminal_outflow
TX_4767,U_NORM_600,U_NORM_477,530.13,2026-01-21 14:44:00,0,normal
TX_541,U_NORM_553,U_NORM_744,24.8,2026-01-21 14:46:00,0,normal
TX_3261,U_NORM_81,U_NORM_250,282.73,2026-01-21 15:13:00,0,normal
TX_2655,U_NORM_179,U_NORM_246,514.58,2026-01-21 15:18:00,0,normal
TX_6649,U_NORM_846,U_COLL_32,7809.39,2026-01-21 15:36:00,1,collector_inflow
TX_1432,U_NORM_701,U_NORM_792,676.9,2026-01-21 15:39:00,0,normal
TX_784,U_NORM_366,U_NORM_435,286.14,2026-01-21 15:42:00,0,normal
TX_3165,U_NORM_421,U_NORM_18,735.06,2026-01-21 15:44:00,0,normal
TX_247,U_NORM_235,U_NORM_219,487.8,2026-01-21 15:55:00,0,normal
TX_2191,U_NORM_840,U_NORM_485,263.35,2026-01-21 16:05:00,0,normal
TX_1360,U_NORM_656,U_NORM_890,348.38,2026-01-21 16:07:00,0,normal
TX_1371,U_NORM_205,U_NORM_155,175.81,2026-01-21 16:08:00,0,normal
TX_5335,U_CRIM_16,U_NORM_475,1296.13,2026-01-21 16:13:00,1,criminal_outflow
TX_1219,U_NORM_589,U_NORM_470,369.34,2026-01-21 16:14:00,0,normal
TX_2115,U_NORM_230,U_NORM_219,705.9,2026-01-21 16:20:00,0,normal
TX_5135,U_CRIM_7,U_NORM_207,721.22,2026-01-21 16:22:00,1,criminal_outflow
TX_5721,U_CRIM_35,U_NORM_297,1246.61,2026-01-21 16:43:00,1,criminal_outflow
TX_2510,U_NORM_258,U_NORM_277,743.42,2026-01-21 16:55:00,0,normal
TX_4145,U_NORM_38,U_NORM_200,734.07,2026-01-21 16:56:00,0,normal
TX_206,U_NORM_706,U_NORM_585,282.61,2026-01-21 16:58:00,0,normal
TX_5574,U_CRIM_29,U_NORM_747,1374.64,2026-01-21 17:09:00,1,criminal_outflow
TX_3578,U_NORM_211,U_NORM_282,55.03,2026-01-21 17:15:00,0,normal
TX_6671,U_NORM_559,U_COLL_33,5623.0,2026-01-21 17:23:00,1,collector_inflow
TX_1569,U_NORM_775,U_NORM_700,696.57,2026-01-21 17:26:00,0,normal
TX_6602,U_NORM_358,U_COLL_29,9546.72,2026-01-21 17:34:00,1,collector_inflow
TX_2278,U_NORM_462,U_NORM_494,327.32,2026-01-21 17:35:00,0,normal
TX_4037,U_NORM_200,U_NORM_253,406.36,2026-01-21 17:42:00,0,normal
TX_4689,U_NORM_758,U_NORM_513,588.26,2026-01-21 17:46:00,0,normal
TX_7022,U_NORM_205,U_COLL_49,6609.44,2026-01-21 17:48:00,1,collector_inflow
TX_4589,U_NORM_637,U_NORM_556,274.02,2026-01-21 17:52:00,0,normal
TX_2788,U_NORM_831,U_NORM_643,415.37,2026-01-21 17:52:00,0,normal
TX_1103,U_NORM_146,U_NORM_382,523.77,2026-01-21 17:58:00,0,normal
TX_2406,U_NORM_229,U_NORM_51,455.02,2026-01-21 18:10:00,0,normal
TX_128,U_NORM_258,U_NORM_352,247.83,2026-01-21 18:15:00,0,normal
TX_1782,U_NORM_372,U_NORM_195,258.23,2026-01-21 18:22:00,0,normal
TX_6959,U_NORM_735,U_COLL_46,5230.47,2026-01-21 18:27:00,1,collector_inflow
TX_1161,U_NORM_410,U_NORM_435,433.78,2026-01-21 18:32:00,0,normal
TX_3417,U_NORM_259,U_NORM_419,777.74,2026-01-21 18:34:00,0,normal
TX_320,U_NORM_315,U_NORM_432,141.44,2026-01-21 18:36:00,0,normal
TX_6603,U_NORM_628,U_COLL_29,7835.12,2026-01-21 18:44:00,1,collector_inflow
TX_4237,U_NORM_285,U_NORM_261,709.03,2026-01-21 18:56:00,0,normal
TX_2218,U_NORM_55,U_NORM_74,392.07,2026-01-21 18:57:00,0,normal
TX_3156,U_NORM_399,U_NORM_440,169.53,2026-01-21 19:15:00,0,normal
TX_5501,U_CRIM_25,U_NORM_259,745.33,2026-01-21 19:20:00,1,criminal_outflow
TX_6909,U_NORM_305,U_COLL_44,5191.6,2026-01-21 19:26:00,1,collector_inflow
TX_7062,U_NORM_25,U_NORM_789,90.43,2026-01-21 19:29:00,0,bridge
TX_1184,U_NORM_185,U_NORM_14,416.94,2026-01-21 19:33:00,0,normal
TX_4239,U_NORM_83,U_NORM_283,617.58,2026-01-21 19:34:00,0,normal
TX_6901,U_NORM_692,U_COLL_44,6295.81,2026-01-21 19:36:00,1,collector_inflow
TX_415,U_NORM_47,U_NORM_261,493.29,2026-01-21 19:40:00,0,normal
TX_6689,U_NORM_191,U_COLL_34,9477.55,2026-01-21 19:46:00,1,collector_inflow
TX_42,U_NORM_620,U_NORM_683,642.91,2026-01-21 19:52:00,0,normal
TX_1474,U_NORM_506,U_NORM_732,761.77,2026-01-21 19:53:00,0,normal
TX_2392,U_NORM_643,U_NORM_745,674.15,2026-01-21 19:53:00,0,normal
TX_2302,U_NORM_633,U_NORM_562,740.62,2026-01-21 20:12:00,0,normal
TX_1121,U_NORM_160,U_NORM_146,382.56,2026-01-21 20:16:00,0,normal
TX_5308,U_CRIM_16,U_NORM_410,1317.55,2026-01-21 20:19:00,1,criminal_outflow
TX_2755,U_NORM_214,U_NORM_226,537.99,2026-01-21 20:19:00,0,normal
TX_2776,U_NORM_562,U_NORM_569,482.77,2026-01-21 20:19:00,0,normal
TX_6716,U_NORM_218,U_COLL_35,6386.33,2026-01-21 20:29:00,1,collector_inflow
TX_6746,U_NORM_359,U_COLL_37,9204.47,2026-01-21 20:33:00,1,collector_inflow
TX_4146,U_NORM_526,U_NORM_889,649.79,2026-01-21 20:44:00,0,normal
TX_4808,U_NORM_198,U_NORM_361,659.71,2026-01-21 20:46:00,0,normal
TX_4521,U_NORM_556,U_NORM_892,740.06,2026-01-21 21:12:00,0,normal
TX_6863,U_NORM_335,U_COLL_42,8458.92,2026-01-21 21:29:00,1,collector_inflow
TX_3879,U_NORM_535,U_NORM_835,604.64,2026-01-21 21:29:00,0,normal
TX_3955,U_NORM_872,U_NORM_717,172.6,2026-01-21 21:31:00,0,normal
TX_5309,U_CRIM_16,U_NORM_508,964.3,2026-01-21 21:31:00,1,criminal_outflow
TX_1832,U_NORM_699,U_NORM_745,688.21,2026-01-21 21:35:00,0,normal
TX_6264,U_NORM_470,U_COLL_12,8445.32,2026-01-21 21:37:00,1,collector_inflow
TX_1499,U_NORM_531,U_NORM_687,229.28,2026-01-21 21:41:00,0,normal
TX_8,U_NORM_490,U_NORM_471,70.34,2026-01-21 21:54:00,0,normal
TX_1593,U_NORM_52,U_NORM_82,314.31,2026-01-21 21:56:00,0,normal
TX_5322,U_CRIM_16,U_NORM_678,988.33,2026-01-21 22:01:00,1,criminal_outflow
TX_1700,U_NORM_569,U_NORM_628,24.97,2026-01-21 22:01:00,0,normal
TX_1111,U_NORM_546,U_NORM_508,746.38,2026-01-21 22:22:00,0,normal
TX_6265,U_NORM_34,U_COLL_12,8000.82,2026-01-21 22:26:00,1,collector_inflow
TX_6201,U_NORM_508,U_COLL_9,5933.13,2026-01-21 22:29:00,1,collector_inflow
TX_543,U_NORM_365,U_NORM_94,293.63,2026-01-21 22:35:00,0,normal
TX_2337,U_NORM_753,U_NORM_572,190.63,2026-01-21 22:35:00,0,normal
TX_3677,U_NORM_838,U_NORM_586,542.81,2026-01-21 22:38:00,0,normal
TX_2249,U_NORM_774,U_NORM_665,569.21,2026-01-21 22:44:00,0,normal
TX_3234,U_NORM_581,U_NORM_820,462.71,2026-01-21 22:53:00,0,normal
TX_5612,U_CRIM_30,U_NORM_617,1157.42,2026-01-21 23:18:00,1,criminal_outflow
TX_6002,U_NORM_485,U_COLL_0,6619.18,2026-01-21 23:19:00,1,collector_inflow
TX_2694,U_NORM_407,U_NORM_302,141.9,2026-01-21 23:28:00,0,normal
TX_1737,U_NORM_525,U_NORM_719,101.88,2026-01-21 23:30:00,0,normal
TX_4214,U_NORM_773,U_NORM_786,347.32,2026-01-21 23:33:00,0,normal
TX_2398,U_NORM_580,U_NORM_637,180.27,2026-01-21 23:50:00,0,normal
TX_6598,U_NORM_107,U_COLL_28,8201.3,2026-01-21 23:57:00,1,collector_inflow
TX_1677,U_NORM_548,U_NORM_866,383.02,2026-01-21 23:59:00,0,normal
TX_6622,U_NORM_429,U_COLL_30,7627.27,2026-01-22 00:00:00,1,collector_inflow
TX_2159,U_NORM_136,U_NORM_3,27.08,2026-01-22 00:18:00,0,normal
TX_601,U_NORM_686,U_NORM_662,525.82,2026-01-22 00:25:00,0,normal
TX_770,U_NORM_276,U_NORM_127,514.91,2026-01-22 00:29:00,0,normal
TX_2744,U_NORM_43,U_NORM_428,462.77,2026-01-22 00:30:00,0,normal
TX_4487,U_NORM_525,U_NORM_574,170.35,2026-01-22 00:58:00,0,normal
TX_489,U_NORM_481,U_NORM_585,464.1,2026-01-22 01:04:00,0,normal
TX_5100,U_CRIM_5,U_NORM_753,1976.86,2026-01-22 01:06:00,1,criminal_outflow
TX_892,U_NORM_426,U_NORM_176,217.88,2026-01-22 01:19:00,0,normal
TX_152,U_NORM_755,U_NORM_842,542.65,2026-01-22 01:21:00,0,normal
TX_3458,U_NORM_573,U_NORM_713,690.28,2026-01-22 01:25:00,0,normal
TX_5087,U_CRIM_4,U_NORM_757,1211.24,2026-01-22 02:02:00,1,criminal_outflow
TX_6734,U_NORM_451,U_COLL_37,9877.39,2026-01-22 02:10:00,1,collector_inflow
TX_3074,U_NORM_80,U_NORM_245,574.57,2026-01-22 02:21:00,0,normal
TX_6845,U_NORM_844,U_COLL_41,6046.74,2026-01-22 02:30:00,1,collector_inflow
TX_4340,U_NORM_675,U_NORM_876,574.79,2026-01-22 02:39:00,0,normal
TX_5873,U_CRIM_44,U_NORM_442,1753.6,2026-01-22 02:44:00,1,criminal_outflow
TX_4785,U_NORM_786,U_NORM_617,122.43,2026-01-22 02:45:00,0,normal
TX_2805,U_NORM_469,U_NORM_810,659.54,2026-01-22 02:46:00,0,normal
TX_3402,U_NORM_759,U_NORM_862,463.32,2026-01-22 02:47:00,0,normal
TX_641,U_NORM_853,U_NORM_743,505.76,2026-01-22 02:48:00,0,normal
TX_3676,U_NORM_288,U_NORM_78,425.79,2026-01-22 02:52:00,0,normal
TX_2020,U_NORM_792,U_NORM_800,99.17,2026-01-22 02:54:00,0,normal
TX_5401,U_CRIM_20,U_NORM_268,726.73,2026-01-22 02:57:00,1,criminal_outflow
TX_5679,U_CRIM_34,U_NORM_653,861.44,2026-01-22 03:01:00,1,criminal_outflow
TX_496,U_NORM_58,U_NORM_237,613.04,2026-01-22 03:05:00,0,normal
TX_1503,U_NORM_137,U_NORM_337,301.55,2026-01-22 03:13:00,0,normal
TX_2182,U_NORM_271,U_NORM_261,40.93,2026-01-22 03:14:00,0,normal
TX_703,U_NORM_9,U_NORM_245,191.84,2026-01-22 03:17:00,0,normal
TX_3971,U_NORM_127,U_NORM_184,757.67,2026-01-22 03:40:00,0,normal
TX_917,U_NORM_428,U_NORM_21,94.63,2026-01-22 03:42:00,0,normal
TX_536,U_NORM_170,U_NORM_324,152.49,2026-01-22 03:45:00,0,normal
TX_254,U_NORM_167,U_NORM_276,629.91,2026-01-22 03:49:00,0,normal
TX_6726,U_NORM_141,U_COLL_36,5710.14,2026-01-22 03:55:00,1,collector_inflow
TX_5224,U_CRIM_11,U_NORM_127,1309.77,2026-01-22 04:02:00,1,criminal_outflow
TX_1862,U_NORM_733,U_NORM_865,695.74,2026-01-22 04:04:00,0,normal
TX_3495,U_NORM_566,U_NORM_743,161.43,2026-01-22 04:25:00,0,normal
TX_3959,U_NORM_465,U_NORM_586,385.0,2026-01-22 04:25:00,0,normal
TX_5453,U_CRIM_23,U_NORM_240,1533.27,2026-01-22 04:31:00,1,criminal_outflow
TX_4467,U_NORM_859,U_NORM_626,12.6,2026-01-22 04:46:00,0,normal
TX_6047,U_NORM_704,U_COLL_2,9501.02,2026-01-22 04:47:00,1,collector_inflow
TX_62,U_NORM_142,U_NORM_43,704.03,2026-01-22 04:48:00,0,normal
TX_4870,U_NORM_590,U_NORM_512,497.42,2026-01-22 04:48:00,0,normal
TX_3,U_NORM_181,U_NORM_294,594.41,2026-01-22 04:56:00,0,normal
TX_579,U_NORM_401,U_NORM_379,319.45,2026-01-22 04:59:00,0,normal
TX_6032,U_NORM_13,U_COLL_2,9953.1,2026-01-22 05:04:00,1,collector_inflow
TX_710,U_NORM_32,U_NORM_434,685.98,2026-01-22 05:08:00,0,normal
TX_70,U_NORM_637,U_NORM_589,8.16,2026-01-22 05:09:00,0,normal
TX_3778,U_NORM_549,U_NORM_766,584.54,2026-01-22 05:09:00,0,normal
TX_1980,U_NORM_268,U_NORM_111,590.08,2026-01-22 05:16:00,0,normal
TX_1042,U_NORM_599,U_NORM_585,327.97,2026-01-22 05:27:00,0,normal
TX_3400,U_NORM_881,U_NORM_472,454.9,2026-01-22 05:31:00,0,normal
TX_3843,U_NORM_860,U_NORM_458,272.42,2026-01-22 05:32:00,0,normal
TX_5406,U_CRIM_21,U_NORM_448,1696.09,2026-01-22 05:56:00,1,criminal_outflow
TX_5757,U_CRIM_37,U_NORM_862,1971.63,2026-01-22 05:57:00,1,criminal_outflow
TX_2677,U_NORM_502,U_NORM_848,436.6,2026-01-22 06:00:00,0,normal
TX_4449,U_NORM_827,U_NORM_759,272.21,2026-01-22 06:03:00,0,normal
TX_6880,U_NORM_663,U_COLL_43,9269.52,2026-01-22 06:07:00,1,collector_inflow
TX_1781,U_NORM_570,U_NORM_594,380.28,2026-01-22 06:13:00,0,normal
TX_4865,U_NORM_661,U_NORM_715,661.88,2026-01-22 06:27:00,0,normal
TX_565,U_NORM_429,U_NORM_305,505.03,2026-01-22 06:28:00,0,normal
TX_6631,U_NORM_143,U_COLL_31,8615.83,2026-01-22 06:29:00,1,collector_inflow
TX_6545,U_NORM_312,U_COLL_26,8035.13,2026-01-22 06:35:00,1,collector_inflow
TX_4223,U_NORM_424,U_NORM_224,710.54,2026-01-22 06:37:00,0,normal
TX_4475,U_NORM_679,U_NORM_871,364.28,2026-01-22 06:49:00,0,normal
TX_2266,U_NORM_169,U_NORM_90,194.78,2026-01-22 06:50:00,0,normal
TX_2113,U_NORM_894,U_NORM_716,664.58,2026-01-22 06:56:00,0,normal
TX_2474,U_NORM_808,U_NORM_799,86.72,2026-01-22 07:13:00,0,normal
TX_1645,U_NORM_588,U_NORM_829,130.02,2026-01-22 07:14:00,0,normal
TX_5986,U_CRIM_49,U_NORM_548,1638.27,2026-01-22 07:28:00,1,criminal_outflow
TX_4398,U_NORM_873,U_NORM_711,681.75,2026-01-22 07:29:00,0,normal
TX_1834,U_NORM_304,U_NORM_412,713.5,2026-01-22 07:35:00,0,normal
TX_252,U_NORM_36,U_NORM_436,603.4,2026-01-22 08:03:00,0,normal
TX_1636,U_NORM_682,U_NORM_479,293.12,2026-01-22 08:04:00,0,normal
TX_2130,U_NORM_254,U_NORM_294,487.24,2026-01-22 08:05:00,0,normal
TX_2184,U_NORM_622,U_NORM_704,706.76,2026-01-22 08:18:00,0,normal
TX_5780,U_CRIM_39,U_NORM_606,1167.5,2026-01-22 08:25:00,1,criminal_outflow
TX_3082,U_NORM_1,U_NORM_337,91.92,2026-01-22 08:28:00,0,normal
TX_3615,U_NORM_889,U_NORM_754,580.58,2026-01-22 08:30:00,0,normal
TX_5359,U_CRIM_19,U_NORM_478,1196.41,2026-01-22 08:35:00,1,criminal_outflow
TX_5658,U_CRIM_33,U_NORM_182,1653.25,2026-01-22 08:45:00,1,criminal_outflow
TX_6947,U_NORM_13,U_COLL_46,5663.18,2026-01-22 08:47:00,1,collector_inflow
TX_4052,U_NORM_758,U_NORM_642,303.99,2026-01-22 09:05:00,0,normal
TX_4904,U_NORM_294,U_NORM_425,133.73,2026-01-22 09:15:00,0,normal
TX_4089,U_NORM_590,U_NORM_626,594.07,2026-01-22 09:19:00,0,normal
TX_3606,U_NORM_522,U_NORM_490,303.42,2026-01-22 09:26:00,0,normal
TX_4610,U_NORM_478,U_NORM_540,327.08,2026-01-22 09:27:00,0,normal
TX_2060,U_NORM_667,U_NORM_587,107.46,2026-01-22 09:28:00,0,normal
TX_4910,U_NORM_47,U_NORM_269,274.32,2026-01-22 09:37:00,0,normal
TX_5394,U_CRIM_20,U_NORM_446,877.17,2026-01-22 09:40:00,1,criminal_outflow
TX_4453,U_NORM_540,U_NORM_579,561.2,2026-01-22 09:41:00,0,normal
TX_6794,U_NORM_206,U_COLL_39,8387.24,2026-01-22 09:47:00,1,collector_inflow
TX_5133,U_CRIM_6,U_NORM_14,657.06,2026-01-22 09:56:00,1,criminal_outflow
TX_4130,U_NORM_853,U_NORM_610,553.91,2026-01-22 10:23:00,0,normal
TX_4902,U_NORM_232,U_NORM_193,694.11,2026-01-22 10:33:00,0,normal
TX_1307,U_NORM_284,U_NORM_314,390.34,2026-01-22 10:39:00,0,normal
TX_3819,U_NORM_495,U_NORM_853,558.11,2026-01-22 10:40:00,0,normal
TX_5761,U_CRIM_37,U_NORM_246,1255.37,2026-01-22 10:43:00,1,criminal_outflow
TX_2895,U_NORM_289,U_NORM_249,774.08,2026-01-22 10:58:00,0,normal
TX_5116,U_CRIM_5,U_NORM_843,1221.55,2026-01-22 10:59:00,1,criminal_outflow
TX_614,U_NORM_209,U_NORM_326,273.28,2026-01-22 11:06:00,0,normal
TX_1350,U_NORM_99,U_NORM_145,163.74,2026-01-22 11:21:00,0,normal
TX_1963,U_NORM_756,U_NORM_583,145.23,2026-01-22 11:26:00,0,normal
TX_3552,U_NORM_301,U_NORM_317,127.37,2026-01-22 11:34:00,0,normal
TX_491,U_NORM_414,U_NORM_210,45.42,2026-01-22 11:43:00,0,normal
TX_6548,U_NORM_789,U_COLL_26,6234.43,2026-01-22 11:45:00,1,collector_inflow
TX_5890,U_CRIM_45,U_NORM_797,1712.9,2026-01-22 11:47:00,1,criminal_outflow
TX_6474,U_NORM_663,U_COLL_23,5309.89,2026-01-22 11:59:00,1,collector_inflow
TX_6992,U_NORM_296,U_COLL_47,5913.82,2026-01-22 12:02:00,1,collector_inflow
TX_6695,U_NORM_684,U_COLL_34,7226.0,2026-01-22 12:05:00,1,collector_inflow
TX_2507,U_NORM_523,U_NORM_839,644.6,2026-01-22 12:10:00,0,normal
TX_2546,U_NORM_483,U_NORM_556,242.81,2026-01-22 12:13:00,0,normal
TX_1034,U_NORM_777,U_NORM_832,182.89,2026-01-22 12:18:00,0,normal
TX_1633,U_NORM_575,U_NORM_578,319.11,2026-01-22 12:19:00,0,normal
TX_5654,U_CRIM_33,U_NORM_573,1261.24,2026-01-22 12:19:00,1,criminal_outflow
TX_2212,U_NORM_851,U_NORM_806,477.8,2026-01-22 12:25:00,0,normal
TX_1792,U_NORM_473,U_NORM_545,687.47,2026-01-22 12:28:00,0,normal
TX_5811,U_CRIM_40,U_NORM_764,542.58,2026-01-22 12:29:00,1,criminal_outflow
TX_305,U_NORM_889,U_NORM_535,492.19,2026-01-22 12:32:00,0,normal
TX_838,U_NORM_805,U_NORM_878,377.92,2026-01-22 12:34:00,0,normal
TX_5121,U_CRIM_6,U_NORM_175,909.81,2026-01-22 12:42:00,1,criminal_outflow
TX_4159,U_NORM_306,U_NORM_324,119.94,2026-01-22 12:55:00,0,normal
TX_5400,U_CRIM_20,U_NORM_615,768.14,2026-01-22 13:01:00,1,criminal_outflow
TX_609,U_NORM_606,U_NORM_527,605.79,2026-01-22 13:10:00,0,normal
TX_1730,U_NORM_492,U_NORM_832,351.37,2026-01-22 13:10:00,0,normal
TX_5065,U_CRIM_3,U_NORM_705,1125.39,2026-01-22 13:19:00,1,criminal_outflow
TX_2356,U_NORM_670,U_NORM_762,236.0,2026-01-22 13:30:00,0,normal
TX_4936,U_NORM_878,U_NORM_804,545.82,2026-01-22 13:39:00,0,normal
TX_4975,U_NORM_619,U_NORM_465,290.79,2026-01-22 13:49:00,0,normal
TX_1054,U_NORM_189,U_NORM_75,245.38,2026-01-22 13:51:00,0,normal
TX_2397,U_NORM_71,U_NORM_386,571.97,2026-01-22 13:52:00,0,normal
TX_4399,U_NORM_879,U_NORM_719,296.47,2026-01-22 13:54:00,0,normal
TX_4686,U_NORM_303,U_NORM_431,429.71,2026-01-22 14:08:00,0,normal
TX_6059,U_NORM_843,U_COLL_3,7197.46,2026-01-22 14:20:00,1,collector_inflow
TX_1236,U_NORM_7,U_NORM_164,630.04,2026-01-22 14:32:00,0,normal
TX_6950,U_NORM_451,U_COLL_46,9520.9,2026-01-22 14:32:00,1,collector_inflow
TX_5952,U_CRIM_47,U_NORM_299,1084.28,2026-01-22 14:42:00,1,criminal_outflow
TX_3605,U_NORM_700,U_NORM_520,8.28,2026-01-22 15:00:00,0,normal
TX_3659,U_NORM_894,U_NORM_880,551.6,2026-01-22 15:01:00,0,normal
TX_6874,U_NORM_424,U_COLL_43,6034.95,2026-01-22 15:03:00,1,collector_inflow
TX_2836,U_NORM_367,U_NORM_441,372.29,2026-01-22 15:06:00,0,normal
TX_6109,U_NORM_81,U_COLL_5,5398.43,2026-01-22 15:07:00,1,collector_inflow
TX_1379,U_NORM_708,U_NORM_468,85.18,2026-01-22 15:19:00,0,normal
TX_187,U_NORM_167,U_NORM_49,782.4,2026-01-22 15:21:00,0,normal
TX_6994,U_NORM_650,U_COLL_48,8146.57,2026-01-22 15:30:00,1,collector_inflow
TX_6098,U_NORM_515,U_COLL_4,7559.93,2026-01-22 15:42:00,1,collector_inflow
TX_5544,U_CRIM_27,U_NORM_792,1833.03,2026-01-22 15:44:00,1,criminal_outflow
TX_4485,U_NORM_649,U_NORM_537,395.84,2026-01-22 15:44:00,0,normal
TX_3670,U_NORM_436,U_NORM_432,218.1,2026-01-22 15:46:00,0,normal
TX_3974,U_NORM_295,U_NORM_350,478.14,2026-01-22 15:49:00,0,normal
TX_6724,U_NORM_292,U_COLL_36,9584.8,2026-01-22 15:56:00,1,collector_inflow
TX_3450,U_NORM_279,U_NORM_299,335.06,2026-01-22 15:59:00,0,normal
TX_3391,U_NORM_384,U_NORM_245,598.86,2026-01-22 16:00:00,0,normal
TX_4742,U_NORM_556,U_NORM_821,507.21,2026-01-22 16:02:00,0,normal
TX_6681,U_NORM_152,U_COLL_33,5558.64,2026-01-22 16:04:00,1,collector_inflow
TX_5655,U_CRIM_33,U_NORM_145,636.33,2026-01-22 16:33:00,1,criminal_outflow
TX_6860,U_NORM_127,U_COLL_42,8834.06,2026-01-22 16:39:00,1,collector_inflow
TX_4017,U_NORM_834,U_NORM_462,530.77,2026-01-22 16:44:00,0,normal
TX_6137,U_NORM_603,U_COLL_6,9155.31,2026-01-22 16:46:00,1,collector_inflow
TX_4113,U_NORM_325,U_NORM_431,396.45,2026-01-22 17:03:00,0,normal
TX_123,U_NORM_838,U_NORM_855,521.69,2026-01-22 17:12:00,0,normal
TX_4129,U_NORM_284,U_NORM_149,128.67,2026-01-22 17:15:00,0,normal
TX_2811,U_NORM_864,U_NORM_741,215.18,2026-01-22 17:20:00,0,normal
TX_2102,U_NORM_291,U_NORM_306,107.0,2026-01-22 17:22:00,0,normal
TX_6445,U_NORM_698,U_COLL_21,8595.52,2026-01-22 17:24:00,1,collector_inflow
TX_1420,U_NORM_808,U_NORM_787,774.04,2026-01-22 17:37:00,0,normal
TX_4103,U_NORM_46,U_NORM_161,550.5,2026-01-22 17:37:00,0,normal
TX_2076,U_NORM_404,U_NORM_141,618.27,2026-01-22 17:40:00,0,normal
TX_4495,U_NORM_235,U_NORM_272,533.08,2026-01-22 17:58:00,0,normal
TX_3837,U_NORM_708,U_NORM_799,266.26,2026-01-22 18:00:00,0,normal
TX_2334,U_NORM_783,U_NORM_471,568.78,2026-01-22 18:03:00,0,normal
TX_359,U_NORM_177,U_NORM_9,266.37,2026-01-22 18:09:00,0,normal
TX_1283,U_NORM_592,U_NORM_508,242.77,2026-01-22 18:19:00,0,normal
TX_2791,U_NORM_661,U_NORM_752,704.0,2026-01-22 18:32:00,0,normal
TX_626,U_NORM_287,U_NORM_264,79.72,2026-01-22 18:38:00,0,normal
TX_2350,U_NORM_254,U_NORM_153,31.91,2026-01-22 18:40:00,0,normal
TX_1780,U_NORM_211,U_NORM_67,296.74,2026-01-22 18:46:00,0,normal
TX_1971,U_NORM_231,U_NORM_448,205.84,2026-01-22 18:50:00,0,normal
TX_329,U_NORM_645,U_NORM_635,199.64,2026-01-22 18:58:00,0,normal
TX_3990,U_NORM_631,U_NORM_689,251.9,2026-01-22 19:00:00,0,normal
TX_4035,U_NORM_602,U_NORM_866,324.07,2026-01-22 19:06:00,0,normal
TX_6463,U_NORM_736,U_COLL_22,5188.42,2026-01-22 19:11:00,1,collector_inflow
TX_5743,U_CRIM_36,U_NORM_141,1863.22,2026-01-22 19:16:00,1,criminal_outflow
TX_6559,U_NORM_222,U_COLL_26,9482.39,2026-01-22 19:17:00,1,collector_inflow
TX_6452,U_NORM_134,U_COLL_21,9853.56,2026-01-22 19:17:00,1,collector_inflow
TX_1540,U_NORM_413,U_NORM_118,270.06,2026-01-22 19:18:00,0,normal
TX_5672,U_CRIM_33,U_NORM_81,1594.81,2026-01-22 19:24:00,1,criminal_outflow
TX_527,U_NORM_159,U_NORM_138,48.46,2026-01-22 19:57:00,0,normal
TX_1214,U_NORM_391,U_NORM_201,311.88,2026-01-22 19:57:00,0,normal
TX_2898,U_NORM_673,U_NORM_616,351.27,2026-01-22 20:00:00,0,normal
TX_1226,U_NORM_574,U_NORM_844,49.31,2026-01-22 20:09:00,0,normal
TX_1419,U_NORM_807,U_NORM_615,247.48,2026-01-22 20:21:00,0,normal
TX_5409,U_CRIM_21,U_NORM_156,1411.73,2026-01-22 20:22:00,1,criminal_outflow
TX_362,U_NORM_885,U_NORM_620,247.38,2026-01-22 20:24:00,0,normal
TX_6889,U_NORM_660,U_COLL_43,9369.87,2026-01-22 20:36:00,1,collector_inflow
TX_4508,U_NORM_615,U_NORM_507,390.38,2026-01-22 20:49:00,0,normal
TX_5789,U_CRIM_39,U_NORM_29,1682.03,2026-01-22 20:51:00,1,criminal_outflow
TX_200,U_NORM_404,U_NORM_411,303.98,2026-01-22 20:57:00,0,normal
TX_1670,U_NORM_17,U_NORM_167,545.87,2026-01-22 20:58:00,0,normal
TX_964,U_NORM_852,U_NORM_624,398.54,2026-01-22 20:59:00,0,normal
TX_6653,U_NORM_7,U_COLL_32,6499.94,2026-01-22 21:04:00,1,collector_inflow
TX_5348,U_CRIM_18,U_NORM_499,1317.62,2026-01-22 21:17:00,1,criminal_outflow
TX_4688,U_NORM_756,U_NORM_530,458.07,2026-01-22 21:22:00,0,normal
TX_732,U_NORM_70,U_NORM_411,322.44,2026-01-22 21:24:00,0,normal
TX_5197,U_CRIM_10,U_NORM_464,1566.16,2026-01-22 21:26:00,1,criminal_outflow
TX_1424,U_NORM_257,U_NORM_353,591.7,2026-01-22 21:40:00,0,normal
TX_7030,U_NORM_67,U_COLL_49,5055.36,2026-01-22 21:52:00,1,collector_inflow
TX_135,U_NORM_369,U_NORM_437,49.71,2026-01-22 21:54:00,0,normal
TX_6504,U_NORM_216,U_COLL_24,7173.12,2026-01-22 22:07:00,1,collector_inflow
TX_6507,U_NORM_43,U_COLL_24,5784.35,2026-01-22 22:16:00,1,collector_inflow
TX_3950,U_NORM_727,U_NORM_537,610.18,2026-01-22 22:35:00,0,normal
TX_952,U_NORM_714,U_NORM_874,328.18,2026-01-22 22:37:00,0,normal
TX_6180,U_NORM_541,U_COLL_8,9797.21,2026-01-22 22:42:00,1,collector_inflow
TX_5250,U_CRIM_13,U_NORM_688,1188.43,2026-01-22 23:12:00,1,criminal_outflow
TX_3779,U_NORM_390,U_NORM_347,423.32,2026-01-22 23:13:00,0,normal
TX_1448,U_NORM_578,U_NORM_834,647.21,2026-01-22 23:29:00,0,normal
TX_1839,U_NORM_829,U_NORM_550,211.79,2026-01-22 23:30:00,0,normal
TX_1881,U_NORM_103,U_NORM_318,625.82,2026-01-22 23:36:00,0,normal
TX_262,U_NORM_526,U_NORM_552,68.13,2026-01-22 23:39:00,0,normal
TX_1277,U_NORM_586,U_NORM_494,586.36,2026-01-22 23:40:00,0,normal
TX_3044,U_NORM_537,U_NORM_868,393.96,2026-01-22 23:40:00,0,normal
TX_5724,U_CRIM_36,U_NORM_98,1812.88,2026-01-22 23:51:00,1,criminal_outflow
TX_6,U_NORM_38,U_NORM_399,376.44,2026-01-23 00:02:00,0,normal
TX_1663,U_NORM_88,U_NORM_431,333.34,2026-01-23 00:03:00,0,normal
TX_2884,U_NORM_845,U_NORM_518,48.29,2026-01-23 00:08:00,0,normal
TX_4983,U_NORM_235,U_NORM_303,345.23,2026-01-23 00:09:00,0,normal
TX_4694,U_NORM_686,U_NORM_570,32.21,2026-01-23 00:13:00,0,normal
TX_2644,U_NORM_796,U_NORM_502,384.21,2026-01-23 00:24:00,0,normal
TX_6501,U_NORM_415,U_COLL_24,9289.49,2026-01-23 00:28:00,1,collector_inflow
TX_1996,U_NORM_433,U_NORM_405,492.64,2026-01-23 00:49:00,0,normal
TX_797,U_NORM_428,U_NORM_331,215.42,2026-01-23 00:51:00,0,normal
TX_6954,U_NORM_881,U_COLL_46,7057.44,2026-01-23 00:52:00,1,collector_inflow
TX_2153,U_NORM_204,U_NORM_332,13.14,2026-01-23 01:00:00,0,normal
TX_4182,U_NORM_769,U_NORM_648,61.45,2026-01-23 01:06:00,0,normal
TX_6766,U_NORM_295,U_COLL_38,9501.27,2026-01-23 01:18:00,1,collector_inflow
TX_7002,U_NORM_315,U_COLL_48,9307.39,2026-01-23 01:38:00,1,collector_inflow
TX_2296,U_NORM_101,U_NORM_242,723.27,2026-01-23 01:39:00,0,normal
TX_1793,U_NORM_830,U_NORM_799,530.68,2026-01-23 01:48:00,0,normal
TX_5270,U_CRIM_13,U_NORM_663,1192.79,2026-01-23 02:15:00,1,criminal_outflow
TX_5529,U_CRIM_26,U_NORM_529,1673.9,2026-01-23 02:22:00,1,criminal_outflow
TX_5456,U_CRIM_23,U_NORM_871,1375.44,2026-01-23 02:23:00,1,criminal_outflow
TX_1628,U_NORM_300,U_NORM_372,147.49,2026-01-23 02:28:00,0,normal
TX_1046,U_NORM_405,U_NORM_178,230.2,2026-01-23 02:53:00,0,normal
TX_2696,U_NORM_133,U_NORM_126,355.93,2026-01-23 02:56:00,0,normal
TX_4986,U_NORM_704,U_NORM_658,79.1,2026-01-23 02:57:00,0,normal
TX_3131,U_NORM_637,U_NORM_604,216.25,2026-01-23 02:58:00,0,normal
TX_4864,U_NORM_151,U_NORM_185,626.5,2026-01-23 02:59:00,0,normal
TX_5674,U_CRIM_33,U_NORM_248,1688.43,2026-01-23 03:03:00,1,criminal_outflow
TX_5715,U_CRIM_35,U_NORM_805,1679.89,2026-01-23 03:04:00,1,criminal_outflow
TX_1816,U_NORM_126,U_NORM_26,598.71,2026-01-23 03:10:00,0,normal
TX_5248,U_CRIM_13,U_NORM_787,844.58,2026-01-23 03:16:00,1,criminal_outflow
TX_5848,U_CRIM_42,U_NORM_328,1426.74,2026-01-23 03:21:00,1,criminal_outflow
TX_2469,U_NORM_875,U_NORM_834,312.03,2026-01-23 03:24:00,0,normal
TX_1653,U_NORM_815,U_NORM_689,307.43,2026-01-23 03:36:00,0,normal
TX_4028,U_NORM_517,U_NORM_755,511.24,2026-01-23 03:38:00,0,normal
TX_6478,U_NORM_549,U_COLL_23,7200.62,2026-01-23 03:42:00,1,collector_inflow
TX_3975,U_NORM_406,U_NORM_441,701.69,2026-01-23 04:02:00,0,normal
TX_5651,U_CRIM_32,U_NORM_638,1151.69,2026-01-23 04:05:00,1,criminal_outflow
TX_4367,U_NORM_205,U_NORM_192,378.13,2026-01-23 04:15:00,0,normal
TX_3514,U_NORM_442,U_NORM_256,725.98,2026-01-23 04:23:00,0,normal
TX_4834,U_NORM_508,U_NORM_754,188.33,2026-01-23 04:41:00,0,normal
TX_4925,U_NORM_368,U_NORM_383,256.25,2026-01-23 04:42:00,0,normal
TX_366,U_NORM_662,U_NORM_738,140.54,2026-01-23 04:45:00,0,normal
TX_6691,U_NORM_155,U_COLL_34,7746.99,2026-01-23 04:51:00,1,collector_inflow
TX_3890,U_NORM_431,U_NORM_335,195.0,2026-01-23 04:53:00,0,normal
TX_5676,U_CRIM_33,U_NORM_395,1214.04,2026-01-23 04:57:00,1,criminal_outflow
TX_5861,U_CRIM_43,U_NORM_510,1343.16,2026-01-23 05:24:00,1,criminal_outflow
TX_3749,U_NORM_88,U_NORM_86,684.54,2026-01-23 05:29:00,0,normal
TX_6239,U_NORM_761,U_COLL_10,9808.28,2026-01-23 05:31:00,1,collector_inflow
TX_6050,U_NORM_832,U_COLL_2,5492.01,2026-01-23 05:35:00,1,collector_inflow
TX_3647,U_NORM_212,U_NORM_394,628.42,2026-01-23 05:52:00,0,normal
TX_5924,U_CRIM_46,U_NORM_664,1142.21,2026-01-23 05:54:00,1,criminal_outflow
TX_1230,U_NORM_114,U_NORM_445,665.32,2026-01-23 05:56:00,0,normal
TX_2634,U_NORM_648,U_NORM_655,591.76,2026-01-23 06:10:00,0,normal
TX_3420,U_NORM_169,U_NORM_365,347.6,2026-01-23 06:18:00,0,normal
TX_1589,U_NORM_292,U_NORM_206,511.88,2026-01-23 06:23:00,0,normal
TX_5078,U_CRIM_4,U_NORM_406,786.79,2026-01-23 06:25:00,1,criminal_outflow
TX_341,U_NORM_363,U_NORM_98,532.45,2026-01-23 06:28:00,0,normal
TX_3188,U_NORM_444,U_NORM_341,799.38,2026-01-23 06:29:00,0,normal
TX_300,U_NORM_475,U_NORM_784,320.35,2026-01-23 06:35:00,0,normal
TX_1201,U_NORM_564,U_NORM_467,93.25,2026-01-23 06:40:00,0,normal
TX_3573,U_NORM_195,U_NORM_102,382.26,2026-01-23 06:45:00,0,normal
TX_4374,U_NORM_515,U_NORM_489,178.87,2026-01-23 06:47:00,0,normal
TX_3989,U_NORM_687,U_NORM_477,385.29,2026-01-23 07:01:00,0,normal
TX_5200,U_CRIM_10,U_NORM_520,929.5,2026-01-23 07:09:00,1,criminal_outflow
TX_4554,U_NORM_113,U_NORM_383,570.97,2026-01-23 07:14:00,0,normal
TX_425,U_NORM_628,U_NORM_671,519.42,2026-01-23 07:17:00,0,normal
TX_4752,U_NORM_474,U_NORM_890,18.94,2026-01-23 07:19:00,0,normal
TX_1131,U_NORM_727,U_NORM_500,278.56,2026-01-23 07:28:00,0,normal
TX_4282,U_NORM_606,U_NORM_817,441.14,2026-01-23 07:29:00,0,normal
TX_5489,U_CRIM_25,U_NORM_27,1903.32,2026-01-23 07:35:00,1,criminal_outflow
TX_4715,U_NORM_795,U_NORM_488,536.33,2026-01-23 07:46:00,0,normal
TX_6882,U_NORM_239,U_COLL_43,8047.39,2026-01-23 07:48:00,1,collector_inflow
TX_2260,U_NORM_456,U_NORM_731,649.33,2026-01-23 07:49:00,0,normal
TX_3815,U_NORM_502,U_NORM_480,278.97,2026-01-23 07:53:00,0,normal
TX_1899,U_NORM_243,U_NORM_186,99.45,2026-01-23 08:09:00,0,normal
TX_2281,U_NORM_898,U_NORM_607,220.02,2026-01-23 08:20:00,0,normal
TX_5773,U_CRIM_38,U_NORM_457,687.82,2026-01-23 08:36:00,1,criminal_outflow
TX_1193,U_NORM_410,U_NORM_44,514.28,2026-01-23 08:40:00,0,normal
TX_4810,U_NORM_637,U_NORM_677,499.27,2026-01-23 08:53:00,0,normal
TX_1139,U_NORM_745,U_NORM_884,412.07,2026-01-23 08:58:00,0,normal
TX_3062,U_NORM_354,U_NORM_238,386.44,2026-01-23 09:22:00,0,normal
TX_7023,U_NORM_783,U_COLL_49,8123.45,2026-01-23 09:32:00,1,collector_inflow
TX_3220,U_NORM_323,U_NORM_7,369.75,2026-01-23 09:40:00,0,normal
TX_3177,U_NORM_41,U_NORM_32,59.34,2026-01-23 09:56:00,0,normal
TX_5368,U_CRIM_19,U_NORM_665,903.14,2026-01-23 09:56:00,1,criminal_outflow
TX_6779,U_NORM_317,U_COLL_39,7036.61,2026-01-23 09:59:00,1,collector_inflow
TX_4711,U_NORM_428,U_NORM_355,123.56,2026-01-23 10:03:00,0,normal
TX_1022,U_NORM_177,U_NORM_50,685.87,2026-01-23 10:41:00,0,normal
TX_4959,U_NORM_20,U_NORM_355,132.07,2026-01-23 10:42:00,0,normal
TX_7066,U_NORM_375,U_NORM_569,15.13,2026-01-23 10:45:00,0,bridge
TX_3142,U_NORM_441,U_NORM_349,752.1,2026-01-23 10:45:00,0,normal
TX_1885,U_NORM_580,U_NORM_459,5.18,2026-01-23 10:47:00,0,normal
TX_1732,U_NORM_44,U_NORM_438,84.89,2026-01-23 10:54:00,0,normal
TX_3383,U_NORM_802,U_NORM_637,304.22,2026-01-23 10:57:00,0,normal
TX_1772,U_NORM_435,U_NORM_321,251.97,2026-01-23 11:04:00,0,normal
TX_1581,U_NORM_615,U_NORM_775,250.08,2026-01-23 11:13:00,0,normal
TX_2793,U_NORM_398,U_NORM_338,798.46,2026-01-23 11:19:00,0,normal
TX_2621,U_NORM_582,U_NORM_627,190.61,2026-01-23 11:19:00,0,normal
TX_3271,U_NORM_173,U_NORM_223,719.97,2026-01-23 11:31:00,0,normal
TX_3886,U_NORM_172,U_NORM_351,93.1,2026-01-23 11:32:00,0,normal
TX_1313,U_NORM_424,U_NORM_195,287.4,2026-01-23 11:42:00,0,normal
TX_6473,U_NORM_609,U_COLL_23,7137.97,2026-01-23 12:07:00,1,collector_inflow
TX_235,U_NORM_759,U_NORM_583,108.75,2026-01-23 12:08:00,0,normal
TX_4816,U_NORM_678,U_NORM_533,235.92,2026-01-23 12:15:00,0,normal
TX_3720,U_NORM_660,U_NORM_589,530.53,2026-01-23 12:16:00,0,normal
TX_2851,U_NORM_831,U_NORM_802,473.57,2026-01-23 12:22:00,0,normal
TX_1572,U_NORM_227,U_NORM_266,441.29,2026-01-23 12:33:00,0,normal
TX_3034,U_NORM_815,U_NORM_893,33.69,2026-01-23 12:33:00,0,normal
TX_696,U_NORM_413,U_NORM_187,170.8,2026-01-23 12:35:00,0,normal
TX_5166,U_CRIM_8,U_NORM_343,1911.36,2026-01-23 12:37:00,1,criminal_outflow
TX_3846,U_NORM_703,U_NORM_889,313.47,2026-01-23 12:41:00,0,normal
TX_1731,U_NORM_531,U_NORM_551,164.03,2026-01-23 12:45:00,0,normal
TX_4750,U_NORM_628,U_NORM_551,663.82,2026-01-23 12:54:00,0,normal
TX_1344,U_NORM_759,U_NORM_713,622.78,2026-01-23 12:57:00,0,normal
TX_5899,U_CRIM_45,U_NORM_736,649.91,2026-01-23 13:02:00,1,criminal_outflow
TX_4076,U_NORM_453,U_NORM_684,389.35,2026-01-23 13:07:00,0,normal
TX_5585,U_CRIM_29,U_NORM_137,878.13,2026-01-23 13:10:00,1,criminal_outflow
TX_506,U_NORM_396,U_NORM_94,34.69,2026-01-23 13:11:00,0,normal
TX_4664,U_NORM_174,U_NORM_383,685.53,2026-01-23 13:11:00,0,normal
TX_3270,U_NORM_889,U_NORM_549,797.45,2026-01-23 13:14:00,0,normal
TX_5579,U_CRIM_29,U_NORM_338,1532.09,2026-01-23 13:16:00,1,criminal_outflow
TX_1458,U_NORM_268,U_NORM_148,486.86,2026-01-23 13:23:00,0,normal
TX_5656,U_CRIM_33,U_NORM_635,1671.93,2026-01-23 13:31:00,1,criminal_outflow
TX_5663,U_CRIM_33,U_NORM_367,1265.24,2026-01-23 13:44:00,1,criminal_outflow
TX_4269,U_NORM_433,U_NORM_117,283.74,2026-01-23 13:48:00,0,normal
TX_124,U_NORM_820,U_NORM_687,781.31,2026-01-23 13:53:00,0,normal
TX_241,U_NORM_225,U_NORM_306,671.64,2026-01-23 14:07:00,0,normal
TX_1545,U_NORM_429,U_NORM_139,731.88,2026-01-23 14:16:00,0,normal
TX_2779,U_NORM_31,U_NORM_193,692.04,2026-01-23 14:22:00,0,normal
TX_551,U_NORM_451,U_NORM_453,62.6,2026-01-23 14:22:00,0,normal
TX_1258,U_NORM_88,U_NORM_49,188.23,2026-01-23 14:29:00,0,normal
TX_5459,U_CRIM_23,U_NORM_557,1159.07,2026-01-23 14:45:00,1,criminal_outflow
TX_5584,U_CRIM_29,U_NORM_636,1383.8,2026-01-23 14:46:00,1,criminal_outflow
TX_5086,U_CRIM_4,U_NORM_337,1441.94,2026-01-23 14:46:00,1,criminal_outflow
TX_906,U_NORM_896,U_NORM_514,49.33,2026-01-23 14:51:00,0,normal
TX_5509,U_CRIM_25,U_NORM_265,1801.79,2026-01-23 14:54:00,1,criminal_outflow
TX_3753,U_NORM_100,U_NORM_332,769.03,2026-01-23 14:57:00,0,normal
TX_1709,U_NORM_876,U_NORM_644,444.03,2026-01-23 15:05:00,0,normal
TX_4829,U_NORM_50,U_NORM_239,407.42,2026-01-23 15:05:00,0,normal
TX_2778,U_NORM_484,U_NORM_481,492.29,2026-01-23 15:09:00,0,normal
TX_6558,U_NORM_457,U_COLL_26,8913.24,2026-01-23 15:14:00,1,collector_inflow
TX_3641,U_NORM_337,U_NORM_214,258.7,2026-01-23 15:15:00,0,normal
TX_3355,U_NORM_89,U_NORM_114,155.4,2026-01-23 15:27:00,0,normal
TX_5238,U_CRIM_12,U_NORM_849,1644.93,2026-01-23 15:51:00,1,criminal_outflow
TX_5799,U_CRIM_40,U_NORM_165,657.75,2026-01-23 15:57:00,1,criminal_outflow
TX_3167,U_NORM_281,U_NORM_162,315.95,2026-01-23 16:12:00,0,normal
TX_5090,U_CRIM_4,U_NORM_185,1712.53,2026-01-23 16:13:00,1,criminal_outflow
TX_721,U_NORM_74,U_NORM_448,164.15,2026-01-23 16:14:00,0,normal
TX_3601,U_NORM_219,U_NORM_233,703.88,2026-01-23 16:17:00,0,normal
TX_4137,U_NORM_576,U_NORM_871,557.16,2026-01-23 16:30:00,0,normal
TX_63,U_NORM_498,U_NORM_788,496.35,2026-01-23 16:32:00,0,normal
TX_5364,U_CRIM_19,U_NORM_96,1754.08,2026-01-23 16:36:00,1,criminal_outflow
TX_2225,U_NORM_160,U_NORM_129,275.65,2026-01-23 16:41:00,0,normal
TX_1778,U_NORM_386,U_NORM_285,768.93,2026-01-23 16:55:00,0,normal
TX_4328,U_NORM_176,U_NORM_399,627.44,2026-01-23 17:07:00,0,normal
TX_2002,U_NORM_64,U_NORM_163,279.89,2026-01-23 17:08:00,0,normal
TX_3312,U_NORM_33,U_NORM_168,246.6,2026-01-23 17:09:00,0,normal
TX_897,U_NORM_880,U_NORM_537,744.9,2026-01-23 17:12:00,0,normal
TX_1028,U_NORM_734,U_NORM_819,615.08,2026-01-23 17:31:00,0,normal
TX_2782,U_NORM_472,U_NORM_728,194.3,2026-01-23 17:50:00,0,normal
TX_6385,U_NORM_59,U_COLL_18,5156.04,2026-01-23 17:53:00,1,collector_inflow
TX_1147,U_NORM_189,U_NORM_124,183.95,2026-01-23 17:54:00,0,normal
TX_4278,U_NORM_600,U_NORM_462,158.12,2026-01-23 17:56:00,0,normal
TX_3596,U_NORM_195,U_NORM_394,187.52,2026-01-23 17:57:00,0,normal
TX_5790,U_CRIM_39,U_NORM_433,1365.52,2026-01-23 18:09:00,1,criminal_outflow
TX_4660,U_NORM_529,U_NORM_816,384.47,2026-01-23 18:18:00,0,normal
TX_1646,U_NORM_734,U_NORM_891,696.17,2026-01-23 18:36:00,0,normal
TX_188,U_NORM_224,U_NORM_415,596.58,2026-01-23 18:48:00,0,normal
TX_2665,U_NORM_151,U_NORM_215,24.8,2026-01-23 18:53:00,0,normal
TX_3852,U_NORM_13,U_NORM_414,49.31,2026-01-23 18:54:00,0,normal
TX_5255,U_CRIM_13,U_NORM_717,674.09,2026-01-23 19:11:00,1,criminal_outflow
TX_1738,U_NORM_73,U_NORM_67,174.57,2026-01-23 19:32:00,0,normal
TX_1554,U_NORM_859,U_NORM_845,558.66,2026-01-23 19:41:00,0,normal
TX_2428,U_NORM_379,U_NORM_215,451.96,2026-01-23 19:48:00,0,normal
TX_1197,U_NORM_133,U_NORM_311,310.3,2026-01-23 19:55:00,0,normal
TX_6597,U_NORM_855,U_COLL_28,8961.57,2026-01-23 20:02:00,1,collector_inflow
TX_525,U_NORM_860,U_NORM_484,652.05,2026-01-23 20:05:00,0,normal
TX_4290,U_NORM_591,U_NORM_852,275.26,2026-01-23 20:06:00,0,normal
TX_3628,U_NORM_436,U_NORM_105,104.72,2026-01-23 20:07:00,0,normal
TX_4444,U_NORM_850,U_NORM_565,606.88,2026-01-23 20:12:00,0,normal
TX_3506,U_NORM_836,U_NORM_522,692.32,2026-01-23 20:23:00,0,normal
TX_5894,U_CRIM_45,U_NORM_624,1093.04,2026-01-23 20:24:00,1,criminal_outflow
TX_4184,U_NORM_108,U_NORM_86,28.71,2026-01-23 20:31:00,0,normal
TX_393,U_NORM_739,U_NORM_520,523.84,2026-01-23 20:34:00,0,normal
TX_2100,U_NORM_110,U_NORM_123,456.95,2026-01-23 20:36:00,0,normal
TX_3302,U_NORM_629,U_NORM_813,775.93,2026-01-23 20:36:00,0,normal
TX_5235,U_CRIM_12,U_NORM_3,1700.73,2026-01-23 20:37:00,1,criminal_outflow
TX_5640,U_CRIM_32,U_NORM_87,1935.89,2026-01-23 20:41:00,1,criminal_outflow
TX_6659,U_NORM_466,U_COLL_32,6998.29,2026-01-23 20:45:00,1,collector_inflow
TX_6075,U_NORM_806,U_COLL_3,5288.93,2026-01-23 20:47:00,1,collector_inflow
TX_6011,U_NORM_396,U_COLL_1,7019.48,2026-01-23 20:47:00,1,collector_inflow
TX_3321,U_NORM_853,U_NORM_708,774.88,2026-01-23 20:51:00,0,normal
TX_3170,U_NORM_720,U_NORM_824,25.45,2026-01-23 20:55:00,0,normal
TX_2418,U_NORM_785,U_NORM_816,691.24,2026-01-23 20:57:00,0,normal
TX_3865,U_NORM_796,U_NORM_555,582.7,2026-01-23 20:59:00,0,normal
TX_4086,U_NORM_712,U_NORM_729,410.64,2026-01-23 20:59:00,0,normal
TX_326,U_NORM_862,U_NORM_724,339.87,2026-01-23 21:01:00,0,normal
TX_1378,U_NORM_811,U_NORM_707,63.29,2026-01-23 21:19:00,0,normal
TX_1463,U_NORM_843,U_NORM_492,331.12,2026-01-23 21:26:00,0,normal
TX_4120,U_NORM_39,U_NORM_87,261.22,2026-01-23 21:28:00,0,normal
TX_1199,U_NORM_706,U_NORM_772,608.51,2026-01-23 21:36:00,0,normal
TX_2131,U_NORM_769,U_NORM_732,701.33,2026-01-23 21:37:00,0,normal
TX_7048,U_NORM_318,U_NORM_892,59.63,2026-01-23 21:37:00,0,bridge
TX_3568,U_NORM_197,U_NORM_237,170.73,2026-01-23 21:43:00,0,normal
TX_6927,U_NORM_355,U_COLL_45,6446.68,2026-01-23 21:47:00,1,collector_inflow
TX_3849,U_NORM_731,U_NORM_542,15.27,2026-01-23 21:48:00,0,normal
TX_2126,U_NORM_867,U_NORM_840,416.77,2026-01-23 21:49:00,0,normal
TX_340,U_NORM_815,U_NORM_736,711.49,2026-01-23 21:50:00,0,normal
TX_4531,U_NORM_776,U_NORM_763,288.24,2026-01-23 21:52:00,0,normal
TX_2934,U_NORM_197,U_NORM_411,87.85,2026-01-23 21:54:00,0,normal
TX_3545,U_NORM_436,U_NORM_113,421.18,2026-01-23 21:54:00,0,normal
TX_292,U_NORM_68,U_NORM_317,61.34,2026-01-23 22:01:00,0,normal
TX_1264,U_NORM_539,U_NORM_479,231.47,2026-01-23 22:07:00,0,normal
TX_5736,U_CRIM_36,U_NORM_334,1898.12,2026-01-23 22:07:00,1,criminal_outflow
TX_5288,U_CRIM_14,U_NORM_818,1232.9,2026-01-23 22:08:00,1,criminal_outflow
TX_4126,U_NORM_672,U_NORM_606,185.0,2026-01-23 22:20:00,0,normal
TX_1252,U_NORM_14,U_NORM_7,315.72,2026-01-23 22:24:00,0,normal
TX_1326,U_NORM_283,U_NORM_215,188.08,2026-01-23 22:24:00,0,normal
TX_3944,U_NORM_642,U_NORM_692,249.27,2026-01-23 22:26:00,0,normal
TX_967,U_NORM_542,U_NORM_451,734.62,2026-01-23 22:27:00,0,normal
TX_6205,U_NORM_198,U_COLL_9,6969.41,2026-01-23 22:30:00,1,collector_inflow
TX_6525,U_NORM_139,U_COLL_25,6918.05,2026-01-23 22:41:00,1,collector_inflow
TX_6900,U_NORM_257,U_COLL_44,9233.39,2026-01-23 22:41:00,1,collector_inflow
TX_6661,U_NORM_117,U_COLL_32,8269.78,2026-01-23 22:44:00,1,collector_inflow
TX_4566,U_NORM_141,U_NORM_7,95.36,2026-01-23 22:48:00,0,normal
TX_2685,U_NORM_438,U_NORM_351,578.02,2026-01-23 23:02:00,0,normal
TX_918,U_NORM_586,U_NORM_570,798.39,2026-01-23 23:15:00,0,normal
TX_1538,U_NORM_336,U_NORM_312,432.28,2026-01-23 23:26:00,0,normal
TX_2588,U_NORM_82,U_NORM_77,584.47,2026-01-23 23:31:00,0,normal
TX_756,U_NORM_851,U_NORM_811,212.82,2026-01-23 23:32:00,0,normal
TX_4916,U_NORM_701,U_NORM_623,763.56,2026-01-23 23:43:00,0,normal
TX_319,U_NORM_436,U_NORM_27,207.6,2026-01-23 23:43:00,0,normal
TX_45,U_NORM_272,U_NORM_122,135.57,2026-01-23 23:44:00,0,normal
TX_2396,U_NORM_710,U_NORM_818,543.36,2026-01-23 23:45:00,0,normal
TX_5383,U_CRIM_20,U_NORM_739,1057.68,2026-01-24 00:03:00,1,criminal_outflow
TX_1485,U_NORM_487,U_NORM_706,702.14,2026-01-24 00:08:00,0,normal
TX_5387,U_CRIM_20,U_NORM_24,1640.8,2026-01-24 00:12:00,1,criminal_outflow
TX_6563,U_NORM_116,U_COLL_27,5293.41,2026-01-24 00:12:00,1,collector_inflow
TX_1416,U_NORM_241,U_NORM_154,114.39,2026-01-24 00:15:00,0,normal
TX_6903,U_NORM_820,U_COLL_44,5577.78,2026-01-24 00:59:00,1,collector_inflow
TX_2686,U_NORM_809,U_NORM_530,346.77,2026-01-24 01:15:00,0,normal
TX_6350,U_NORM_119,U_COLL_17,7625.28,2026-01-24 01:16:00,1,collector_inflow
TX_2425,U_NORM_280,U_NORM_240,128.54,2026-01-24 01:19:00,0,normal
TX_1415,U_NORM_708,U_NORM_573,118.89,2026-01-24 01:22:00,0,normal
TX_6461,U_NORM_440,U_COLL_22,5178.52,2026-01-24 01:25:00,1,collector_inflow
TX_1784,U_NORM_189,U_NORM_315,689.39,2026-01-24 01:34:00,0,normal
TX_4743,U_NORM_244,U_NORM_147,449.87,2026-01-24 01:36:00,0,normal
TX_232,U_NORM_618,U_NORM_643,626.37,2026-01-24 01:50:00,0,normal
TX_2294,U_NORM_429,U_NORM_179,592.39,2026-01-24 01:54:00,0,normal
TX_5569,U_CRIM_29,U_NORM_403,1290.55,2026-01-24 01:57:00,1,criminal_outflow
TX_914,U_NORM_42,U_NORM_341,464.28,2026-01-24 02:01:00,0,normal
TX_2463,U_NORM_202,U_NORM_420,724.59,2026-01-24 02:02:00,0,normal
TX_4101,U_NORM_793,U_NORM_510,681.11,2026-01-24 02:06:00,0,normal
TX_290,U_NORM_144,U_NORM_7,340.0,2026-01-24 02:07:00,0,normal
TX_3388,U_NORM_641,U_NORM_633,393.23,2026-01-24 02:10:00,0,normal
TX_1347,U_NORM_223,U_NORM_365,574.34,2026-01-24 02:27:00,0,normal
TX_6836,U_NORM_892,U_COLL_41,9131.17,2026-01-24 02:27:00,1,collector_inflow
TX_5257,U_CRIM_13,U_NORM_393,1988.02,2026-01-24 02:29:00,1,criminal_outflow
TX_6856,U_NORM_886,U_COLL_42,5131.37,2026-01-24 02:30:00,1,collector_inflow
TX_4524,U_NORM_325,U_NORM_316,331.26,2026-01-24 02:33:00,0,normal
TX_1366,U_NORM_837,U_NORM_568,580.26,2026-01-24 02:34:00,0,normal
TX_1483,U_NORM_13,U_NORM_405,798.53,2026-01-24 02:46:00,0,normal
TX_6114,U_NORM_438,U_COLL_5,9080.17,2026-01-24 02:48:00,1,collector_inflow
TX_4483,U_NORM_238,U_NORM_386,100.41,2026-01-24 02:48:00,0,normal
TX_1496,U_NORM_353,U_NORM_22,287.75,2026-01-24 02:54:00,0,normal
TX_2169,U_NORM_280,U_NORM_375,425.53,2026-01-24 02:55:00,0,normal
TX_4283,U_NORM_386,U_NORM_264,325.14,2026-01-24 03:01:00,0,normal
TX_5902,U_CRIM_45,U_NORM_432,1488.06,2026-01-24 03:05:00,1,criminal_outflow
TX_4769,U_NORM_21,U_NORM_447,174.35,2026-01-24 03:07:00,0,normal
TX_6705,U_NORM_886,U_COLL_35,6886.39,2026-01-24 03:12:00,1,collector_inflow
TX_6442,U_NORM_42,U_COLL_21,7902.42,2026-01-24 03:23:00,1,collector_inflow
TX_3158,U_NORM_654,U_NORM_479,646.03,2026-01-24 03:39:00,0,normal
TX_3541,U_NORM_309,U_NORM_282,452.3,2026-01-24 03:40:00,0,normal
TX_5153,U_CRIM_7,U_NORM_449,1489.97,2026-01-24 03:48:00,1,criminal_outflow
TX_4801,U_NORM_642,U_NORM_630,85.73,2026-01-24 03:49:00,0,normal
TX_6416,U_NORM_13,U_COLL_20,6155.54,2026-01-24 03:55:00,1,collector_inflow
TX_3874,U_NORM_364,U_NORM_253,247.8,2026-01-24 03:57:00,0,normal
TX_5719,U_CRIM_35,U_NORM_754,1249.52,2026-01-24 04:00:00,1,criminal_outflow
TX_4054,U_NORM_826,U_NORM_513,68.0,2026-01-24 04:03:00,0,normal
TX_2997,U_NORM_109,U_NORM_177,425.42,2026-01-24 04:04:00,0,normal
TX_2771,U_NORM_382,U_NORM_173,531.21,2026-01-24 04:04:00,0,normal
TX_3006,U_NORM_237,U_NORM_105,767.07,2026-01-24 04:09:00,0,normal
TX_4481,U_NORM_237,U_NORM_45,455.76,2026-01-24 04:11:00,0,normal
TX_5149,U_CRIM_7,U_NORM_592,1645.16,2026-01-24 04:12:00,1,criminal_outflow
TX_2018,U_NORM_110,U_NORM_355,351.02,2026-01-24 04:14:00,0,normal
TX_5293,U_CRIM_14,U_NORM_368,737.56,2026-01-24 04:16:00,1,criminal_outflow
TX_4108,U_NORM_750,U_NORM_452,382.12,2026-01-24 04:23:00,0,normal
TX_6552,U_NORM_248,U_COLL_26,5456.99,2026-01-24 04:33:00,1,collector_inflow
TX_2480,U_NORM_72,U_NORM_174,432.68,2026-01-24 04:35:00,0,normal
TX_5310,U_CRIM_16,U_NORM_776,1206.39,2026-01-24 04:41:00,1,criminal_outflow
TX_2976,U_NORM_592,U_NORM_662,146.22,2026-01-24 04:50:00,0,normal
TX_1343,U_NORM_91,U_NORM_106,130.83,2026-01-24 04:56:00,0,normal
TX_4662,U_NORM_126,U_NORM_199,113.74,2026-01-24 05:05:00,0,normal
TX_2204,U_NORM_709,U_NORM_784,579.79,2026-01-24 05:18:00,0,normal
TX_1583,U_NORM_151,U_NORM_105,335.72,2026-01-24 05:20:00,0,normal
TX_4872,U_NORM_44,U_NORM_145,711.08,2026-01-24 05:20:00,0,normal
TX_6152,U_NORM_659,U_COLL_7,8306.79,2026-01-24 05:25:00,1,collector_inflow
TX_3307,U_NORM_472,U_NORM_867,530.28,2026-01-24 05:27:00,0,normal
TX_4879,U_NORM_526,U_NORM_831,594.91,2026-01-24 05:31:00,0,normal
TX_2705,U_NORM_814,U_NORM_483,484.49,2026-01-24 05:42:00,0,normal
TX_6633,U_NORM_886,U_COLL_31,6908.99,2026-01-24 05:45:00,1,collector_inflow
TX_934,U_NORM_657,U_NORM_494,420.89,2026-01-24 05:47:00,0,normal
TX_1507,U_NORM_408,U_NORM_38,640.34,2026-01-24 05:49:00,0,normal
TX_3409,U_NORM_376,U_NORM_26,681.93,2026-01-24 06:02:00,0,normal
TX_953,U_NORM_747,U_NORM_641,788.3,2026-01-24 06:04:00,0,normal
TX_2067,U_NORM_356,U_NORM_269,796.35,2026-01-24 06:11:00,0,normal
TX_3714,U_NORM_348,U_NORM_437,88.02,2026-01-24 06:42:00,0,normal
TX_4326,U_NORM_172,U_NORM_353,391.18,2026-01-24 06:42:00,0,normal
TX_4234,U_NORM_48,U_NORM_34,793.67,2026-01-24 06:53:00,0,normal
TX_5005,U_CRIM_0,U_NORM_194,1661.05,2026-01-24 07:01:00,1,criminal_outflow
TX_3515,U_NORM_167,U_NORM_444,690.11,2026-01-24 07:11:00,0,normal
TX_3687,U_NORM_423,U_NORM_154,777.51,2026-01-24 07:30:00,0,normal
TX_5602,U_CRIM_30,U_NORM_280,613.43,2026-01-24 07:35:00,1,criminal_outflow
TX_3987,U_NORM_327,U_NORM_79,413.19,2026-01-24 07:37:00,0,normal
TX_2967,U_NORM_606,U_NORM_848,685.95,2026-01-24 07:40:00,0,normal
TX_6269,U_NORM_225,U_COLL_12,5788.89,2026-01-24 07:48:00,1,collector_inflow
TX_2264,U_NORM_650,U_NORM_459,686.53,2026-01-24 08:07:00,0,normal
TX_589,U_NORM_410,U_NORM_265,533.57,2026-01-24 08:11:00,0,normal
TX_2829,U_NORM_810,U_NORM_873,368.09,2026-01-24 08:15:00,0,normal
TX_6839,U_NORM_225,U_COLL_41,5427.18,2026-01-24 08:26:00,1,collector_inflow
TX_4944,U_NORM_216,U_NORM_107,217.43,2026-01-24 08:36:00,0,normal
TX_2226,U_NORM_322,U_NORM_404,250.29,2026-01-24 08:51:00,0,normal
TX_1492,U_NORM_140,U_NORM_270,248.83,2026-01-24 08:59:00,0,normal
TX_6179,U_NORM_565,U_COLL_8,5190.54,2026-01-24 09:01:00,1,collector_inflow
TX_3366,U_NORM_555,U_NORM_803,502.47,2026-01-24 09:03:00,0,normal
TX_1284,U_NORM_157,U_NORM_139,595.61,2026-01-24 09:13:00,0,normal
TX_3195,U_NORM_602,U_NORM_794,23.84,2026-01-24 09:31:00,0,normal
TX_2769,U_NORM_368,U_NORM_439,84.83,2026-01-24 09:40:00,0,normal
TX_822,U_NORM_409,U_NORM_164,541.7,2026-01-24 09:40:00,0,normal
TX_2329,U_NORM_623,U_NORM_497,350.55,2026-01-24 09:42:00,0,normal
TX_5484,U_CRIM_24,U_NORM_865,776.18,2026-01-24 09:47:00,1,criminal_outflow
TX_4450,U_NORM_433,U_NORM_319,603.31,2026-01-24 09:48:00,0,normal
TX_4906,U_NORM_261,U_NORM_144,466.4,2026-01-24 09:53:00,0,normal
TX_5476,U_CRIM_24,U_NORM_732,1361.9,2026-01-24 09:55:00,1,criminal_outflow
TX_2678,U_NORM_137,U_NORM_78,358.08,2026-01-24 09:59:00,0,normal
TX_5346,U_CRIM_18,U_NORM_721,1161.99,2026-01-24 10:02:00,1,criminal_outflow
TX_2525,U_NORM_300,U_NORM_7,767.1,2026-01-24 10:20:00,0,normal
TX_390,U_NORM_762,U_NORM_772,592.52,2026-01-24 10:20:00,0,normal
TX_6955,U_NORM_510,U_COLL_46,8242.07,2026-01-24 10:21:00,1,collector_inflow
TX_4795,U_NORM_253,U_NORM_380,266.86,2026-01-24 10:47:00,0,normal
TX_6019,U_NORM_538,U_COLL_1,9198.48,2026-01-24 10:53:00,1,collector_inflow
TX_6736,U_NORM_523,U_COLL_37,6017.49,2026-01-24 10:56:00,1,collector_inflow
TX_102,U_NORM_628,U_NORM_763,76.97,2026-01-24 11:05:00,0,normal
TX_5814,U_CRIM_40,U_NORM_439,1326.77,2026-01-24 11:08:00,1,criminal_outflow
TX_5421,U_CRIM_21,U_NORM_570,1891.75,2026-01-24 11:10:00,1,criminal_outflow
TX_2057,U_NORM_781,U_NORM_548,752.15,2026-01-24 11:13:00,0,normal
TX_4280,U_NORM_112,U_NORM_316,660.33,2026-01-24 11:14:00,0,normal
TX_2817,U_NORM_883,U_NORM_501,514.86,2026-01-24 11:41:00,0,normal
TX_1704,U_NORM_500,U_NORM_808,508.53,2026-01-24 11:46:00,0,normal
TX_5910,U_CRIM_45,U_NORM_279,703.45,2026-01-24 11:46:00,1,criminal_outflow
TX_5319,U_CRIM_16,U_NORM_757,868.03,2026-01-24 11:51:00,1,criminal_outflow
TX_6506,U_NORM_512,U_COLL_24,7142.36,2026-01-24 12:01:00,1,collector_inflow
TX_2176,U_NORM_523,U_NORM_562,152.94,2026-01-24 12:02:00,0,normal
TX_88,U_NORM_685,U_NORM_652,331.97,2026-01-24 12:07:00,0,normal
TX_6184,U_NORM_690,U_COLL_8,6333.91,2026-01-24 12:08:00,1,collector_inflow
TX_3931,U_NORM_345,U_NORM_350,351.11,2026-01-24 12:08:00,0,normal
TX_5230,U_CRIM_11,U_NORM_385,1069.26,2026-01-24 12:18:00,1,criminal_outflow
TX_1239,U_NORM_844,U_NORM_518,661.42,2026-01-24 12:29:00,0,normal
TX_4400,U_NORM_467,U_NORM_600,428.95,2026-01-24 12:34:00,0,normal
TX_289,U_NORM_639,U_NORM_707,633.5,2026-01-24 12:36:00,0,normal
TX_3342,U_NORM_372,U_NORM_209,96.25,2026-01-24 12:44:00,0,normal
TX_3038,U_NORM_886,U_NORM_699,65.18,2026-01-24 13:07:00,0,normal
TX_5707,U_CRIM_35,U_NORM_388,1041.22,2026-01-24 13:08:00,1,criminal_outflow
TX_2726,U_NORM_808,U_NORM_583,434.87,2026-01-24 13:13:00,0,normal
TX_6246,U_NORM_31,U_COLL_10,8309.17,2026-01-24 13:13:00,1,collector_inflow
TX_6665,U_NORM_325,U_COLL_33,8930.39,2026-01-24 13:17:00,1,collector_inflow
TX_6943,U_NORM_55,U_COLL_46,9305.48,2026-01-24 13:26:00,1,collector_inflow
TX_4701,U_NORM_160,U_NORM_225,502.32,2026-01-24 13:28:00,0,normal
TX_1681,U_NORM_601,U_NORM_872,381.16,2026-01-24 13:34:00,0,normal
TX_1904,U_NORM_165,U_NORM_19,333.74,2026-01-24 13:42:00,0,normal
TX_6511,U_NORM_223,U_COLL_24,6040.12,2026-01-24 13:42:00,1,collector_inflow
TX_3839,U_NORM_640,U_NORM_485,490.33,2026-01-24 13:45:00,0,normal
TX_3527,U_NORM_480,U_NORM_844,704.1,2026-01-24 13:56:00,0,normal
TX_1038,U_NORM_109,U_NORM_180,298.07,2026-01-24 14:03:00,0,normal
TX_385,U_NORM_593,U_NORM_567,267.99,2026-01-24 14:07:00,0,normal
TX_2630,U_NORM_502,U_NORM_455,643.29,2026-01-24 14:17:00,0,normal
TX_6595,U_NORM_205,U_COLL_28,9724.38,2026-01-24 14:21:00,1,collector_inflow
TX_4408,U_NORM_393,U_NORM_247,210.23,2026-01-24 14:30:00,0,normal
TX_5906,U_CRIM_45,U_NORM_436,1421.84,2026-01-24 14:33:00,1,criminal_outflow
TX_1418,U_NORM_23,U_NORM_48,417.82,2026-01-24 14:38:00,0,normal
TX_1222,U_NORM_352,U_NORM_132,237.71,2026-01-24 14:49:00,0,normal
TX_5165,U_CRIM_8,U_NORM_423,1965.45,2026-01-24 14:50:00,1,criminal_outflow
TX_6997,U_NORM_381,U_COLL_48,5635.71,2026-01-24 15:04:00,1,collector_inflow
TX_120,U_NORM_286,U_NORM_237,267.97,2026-01-24 15:18:00,0,normal
TX_5112,U_CRIM_5,U_NORM_23,1589.28,2026-01-24 15:27:00,1,criminal_outflow
TX_6142,U_NORM_56,U_COLL_6,9494.91,2026-01-24 15:37:00,1,collector_inflow
TX_1445,U_NORM_128,U_NORM_366,464.72,2026-01-24 15:42:00,0,normal
TX_5716,U_CRIM_35,U_NORM_482,522.97,2026-01-24 15:46:00,1,criminal_outflow
TX_4963,U_NORM_293,U_NORM_436,707.19,2026-01-24 16:06:00,0,normal
TX_1871,U_NORM_747,U_NORM_577,488.7,2026-01-24 16:09:00,0,normal
TX_4284,U_NORM_451,U_NORM_711,656.89,2026-01-24 16:20:00,0,normal
TX_521,U_NORM_794,U_NORM_496,547.68,2026-01-24 16:34:00,0,normal
TX_1016,U_NORM_711,U_NORM_851,145.41,2026-01-24 16:45:00,0,normal
TX_2589,U_NORM_731,U_NORM_886,24.41,2026-01-24 16:48:00,0,normal
TX_2593,U_NORM_286,U_NORM_115,457.77,2026-01-24 16:49:00,0,normal
TX_4263,U_NORM_563,U_NORM_780,581.43,2026-01-24 17:03:00,0,normal
TX_5265,U_CRIM_13,U_NORM_527,585.08,2026-01-24 17:03:00,1,criminal_outflow
TX_3750,U_NORM_577,U_NORM_749,661.57,2026-01-24 17:17:00,0,normal
TX_3236,U_NORM_198,U_NORM_267,106.39,2026-01-24 17:21:00,0,normal
TX_6580,U_NORM_80,U_COLL_28,8589.55,2026-01-24 17:32:00,1,collector_inflow
TX_4186,U_NORM_273,U_NORM_77,596.67,2026-01-24 17:39:00,0,normal
TX_3829,U_NORM_793,U_NORM_707,622.3,2026-01-24 17:41:00,0,normal
TX_6648,U_NORM_453,U_COLL_32,5627.64,2026-01-24 17:42:00,1,collector_inflow
TX_5874,U_CRIM_44,U_NORM_141,631.28,2026-01-24 17:52:00,1,criminal_outflow
TX_2680,U_NORM_119,U_NORM_141,384.29,2026-01-24 17:57:00,0,normal
TX_1183,U_NORM_686,U_NORM_800,246.31,2026-01-24 17:58:00,0,normal
TX_1688,U_NORM_364,U_NORM_356,772.02,2026-01-24 18:10:00,0,normal
TX_571,U_NORM_772,U_NORM_751,22.47,2026-01-24 18:16:00,0,normal
TX_315,U_NORM_576,U_NORM_640,495.49,2026-01-24 18:25:00,0,normal
TX_2432,U_NORM_91,U_NORM_41,105.4,2026-01-24 18:31:00,0,normal
TX_2069,U_NORM_7,U_NORM_85,613.26,2026-01-24 18:44:00,0,normal
TX_6330,U_NORM_566,U_COLL_16,5452.34,2026-01-24 18:50:00,1,collector_inflow
TX_5029,U_CRIM_1,U_NORM_457,1024.95,2026-01-24 18:50:00,1,criminal_outflow
TX_1972,U_NORM_858,U_NORM_815,342.78,2026-01-24 18:52:00,0,normal
TX_4138,U_NORM_396,U_NORM_435,690.95,2026-01-24 18:54:00,0,normal
TX_7036,U_NORM_226,U_COLL_49,6191.84,2026-01-24 19:08:00,1,collector_inflow
TX_4979,U_NORM_185,U_NORM_367,405.95,2026-01-24 19:08:00,0,normal
TX_5758,U_CRIM_37,U_NORM_816,1021.21,2026-01-24 19:10:00,1,criminal_outflow
TX_2082,U_NORM_535,U_NORM_856,53.88,2026-01-24 19:14:00,0,normal
TX_501,U_NORM_785,U_NORM_707,87.98,2026-01-24 19:14:00,0,normal
TX_6373,U_NORM_395,U_COLL_18,7669.53,2026-01-24 19:17:00,1,collector_inflow
TX_4954,U_NORM_363,U_NORM_7,376.26,2026-01-24 19:34:00,0,normal
TX_6310,U_NORM_294,U_COLL_15,5197.76,2026-01-24 19:37:00,1,collector_inflow
TX_3275,U_NORM_123,U_NORM_304,758.49,2026-01-24 19:57:00,0,normal
TX_5085,U_CRIM_4,U_NORM_519,1548.32,2026-01-24 20:05:00,1,criminal_outflow
TX_127,U_NORM_603,U_NORM_556,632.87,2026-01-24 20:06:00,0,normal
TX_5184,U_CRIM_9,U_NORM_30,1162.94,2026-01-24 20:11:00,1,criminal_outflow
TX_1110,U_NORM_439,U_NORM_181,378.91,2026-01-24 20:21:00,0,normal
TX_1951,U_NORM_566,U_NORM_883,630.99,2026-01-24 20:21:00,0,normal
TX_2285,U_NORM_875,U_NORM_886,7.32,2026-01-24 20:21:00,0,normal
TX_7034,U_NORM_45,U_COLL_49,6642.83,2026-01-24 20:22:00,1,collector_inflow
TX_5207,U_CRIM_10,U_NORM_209,748.68,2026-01-24 20:23:00,1,criminal_outflow
TX_1451,U_NORM_564,U_NORM_566,723.41,2026-01-24 20:24:00,0,normal
TX_4081,U_NORM_547,U_NORM_808,381.24,2026-01-24 20:34:00,0,normal
TX_4995,U_NORM_829,U_NORM_463,696.27,2026-01-24 20:34:00,0,normal
TX_2845,U_NORM_408,U_NORM_256,12.5,2026-01-24 20:38:00,0,normal
TX_4440,U_NORM_869,U_NORM_719,209.52,2026-01-24 20:43:00,0,normal
TX_3483,U_NORM_224,U_NORM_435,775.38,2026-01-24 20:58:00,0,normal
TX_585,U_NORM_660,U_NORM_654,516.19,2026-01-24 20:58:00,0,normal
TX_4670,U_NORM_228,U_NORM_279,312.92,2026-01-24 21:03:00,0,normal
TX_6813,U_NORM_383,U_COLL_40,8736.83,2026-01-24 21:25:00,1,collector_inflow
TX_3903,U_NORM_121,U_NORM_241,697.95,2026-01-24 21:36:00,0,normal
TX_5854,U_CRIM_42,U_NORM_823,1889.0,2026-01-24 21:38:00,1,criminal_outflow
TX_3557,U_NORM_417,U_NORM_43,28.41,2026-01-24 21:51:00,0,normal
TX_1429,U_NORM_626,U_NORM_617,694.3,2026-01-24 22:02:00,0,normal
TX_4885,U_NORM_10,U_NORM_217,77.69,2026-01-24 22:15:00,0,normal
TX_3139,U_NORM_9,U_NORM_98,224.44,2026-01-24 22:15:00,0,normal
TX_6800,U_NORM_689,U_COLL_40,7535.26,2026-01-24 22:24:00,1,collector_inflow
TX_818,U_NORM_85,U_NORM_327,777.23,2026-01-24 22:31:00,0,normal
TX_6049,U_NORM_30,U_COLL_2,9725.69,2026-01-24 22:34:00,1,collector_inflow
TX_4122,U_NORM_721,U_NORM_491,704.97,2026-01-24 22:36:00,0,normal
TX_2777,U_NORM_884,U_NORM_676,254.57,2026-01-24 22:48:00,0,normal
TX_1890,U_NORM_111,U_NORM_287,137.48,2026-01-24 22:55:00,0,normal
TX_905,U_NORM_76,U_NORM_215,492.28,2026-01-24 23:05:00,0,normal
TX_6846,U_NORM_661,U_COLL_41,5059.61,2026-01-24 23:07:00,1,collector_inflow
TX_5439,U_CRIM_22,U_NORM_780,1418.5,2026-01-24 23:08:00,1,criminal_outflow
TX_2592,U_NORM_693,U_NORM_510,712.35,2026-01-24 23:08:00,0,normal
TX_3274,U_NORM_632,U_NORM_743,149.77,2026-01-24 23:16:00,0,normal
TX_3197,U_NORM_569,U_NORM_734,256.32,2026-01-24 23:17:00,0,normal
TX_1686,U_NORM_562,U_NORM_496,751.73,2026-01-24 23:33:00,0,normal
TX_248,U_NORM_212,U_NORM_126,76.06,2026-01-24 23:41:00,0,normal
TX_2519,U_NORM_121,U_NORM_37,197.99,2026-01-24 23:51:00,0,normal
TX_5624,U_CRIM_31,U_NORM_14,800.72,2026-01-25 00:05:00,1,criminal_outflow
TX_2263,U_NORM_867,U_NORM_685,197.88,2026-01-25 00:10:00,0,normal
TX_2714,U_NORM_899,U_NORM_487,305.67,2026-01-25 00:16:00,0,normal
TX_884,U_NORM_252,U_NORM_121,280.93,2026-01-25 00:21:00,0,normal
TX_3898,U_NORM_412,U_NORM_383,423.2,2026-01-25 00:29:00,0,normal
TX_1519,U_NORM_503,U_NORM_564,81.26,2026-01-25 00:33:00,0,normal
TX_1754,U_NORM_256,U_NORM_394,192.58,2026-01-25 00:33:00,0,normal
TX_3637,U_NORM_141,U_NORM_265,769.34,2026-01-25 00:37:00,0,normal
TX_4621,U_NORM_654,U_NORM_522,564.17,2026-01-25 00:42:00,0,normal
TX_3181,U_NORM_484,U_NORM_701,689.43,2026-01-25 00:44:00,0,normal
TX_2464,U_NORM_769,U_NORM_798,296.99,2026-01-25 00:48:00,0,normal
TX_2733,U_NORM_63,U_NORM_298,70.83,2026-01-25 00:51:00,0,normal
TX_2223,U_NORM_369,U_NORM_39,187.44,2026-01-25 00:58:00,0,normal
TX_5328,U_CRIM_16,U_NORM_826,634.67,2026-01-25 01:03:00,1,criminal_outflow
TX_6753,U_NORM_200,U_COLL_37,5298.72,2026-01-25 01:04:00,1,collector_inflow
TX_6771,U_NORM_28,U_COLL_38,7046.55,2026-01-25 01:04:00,1,collector_inflow
TX_4386,U_NORM_489,U_NORM_810,393.76,2026-01-25 01:16:00,0,normal
TX_5443,U_CRIM_23,U_NORM_160,1148.8,2026-01-25 01:26:00,1,criminal_outflow
TX_4543,U_NORM_622,U_NORM_489,172.26,2026-01-25 01:29:00,0,normal
TX_973,U_NORM_777,U_NORM_698,759.1,2026-01-25 01:30:00,0,normal
TX_945,U_NORM_881,U_NORM_676,170.46,2026-01-25 01:31:00,0,normal
TX_1902,U_NORM_353,U_NORM_67,335.52,2026-01-25 01:33:00,0,normal
TX_655,U_NORM_392,U_NORM_96,361.87,2026-01-25 01:43:00,0,normal
TX_5210,U_CRIM_10,U_NORM_557,1508.65,2026-01-25 01:52:00,1,criminal_outflow
TX_5349,U_CRIM_18,U_NORM_596,1057.11,2026-01-25 01:54:00,1,criminal_outflow
TX_3821,U_NORM_70,U_NORM_343,112.65,2026-01-25 02:00:00,0,normal
TX_4178,U_NORM_340,U_NORM_144,633.81,2026-01-25 02:04:00,0,normal
TX_3226,U_NORM_617,U_NORM_516,743.21,2026-01-25 02:10:00,0,normal
TX_1889,U_NORM_514,U_NORM_544,267.6,2026-01-25 02:20:00,0,normal
TX_850,U_NORM_729,U_NORM_480,586.14,2026-01-25 02:22:00,0,normal
TX_368,U_NORM_641,U_NORM_772,343.74,2026-01-25 02:38:00,0,normal
TX_5216,U_CRIM_10,U_NORM_137,1229.85,2026-01-25 02:52:00,1,criminal_outflow
TX_2322,U_NORM_550,U_NORM_802,492.68,2026-01-25 02:57:00,0,normal
TX_6898,U_NORM_668,U_COLL_44,7304.13,2026-01-25 03:10:00,1,collector_inflow
TX_5782,U_CRIM_39,U_NORM_555,795.99,2026-01-25 03:20:00,1,criminal_outflow
TX_428,U_NORM_409,U_NORM_116,570.52,2026-01-25 03:29:00,0,normal
TX_3327,U_NORM_5,U_NORM_425,516.77,2026-01-25 03:29:00,0,normal
TX_1036,U_NORM_135,U_NORM_171,720.32,2026-01-25 03:39:00,0,normal
TX_3583,U_NORM_81,U_NORM_235,559.09,2026-01-25 03:40:00,0,normal
TX_5137,U_CRIM_7,U_NORM_167,574.77,2026-01-25 03:46:00,1,criminal_outflow
TX_3665,U_NORM_141,U_NORM_330,243.63,2026-01-25 03:46:00,0,normal
TX_4233,U_NORM_355,U_NORM_423,204.25,2026-01-25 03:54:00,0,normal
TX_902,U_NORM_30,U_NORM_131,186.95,2026-01-25 03:55:00,0,normal
TX_5546,U_CRIM_27,U_NORM_463,1132.52,2026-01-25 04:06:00,1,criminal_outflow
TX_126,U_NORM_196,U_NORM_336,35.33,2026-01-25 04:09:00,0,normal
TX_1171,U_NORM_53,U_NORM_26,236.28,2026-01-25 04:10:00,0,normal
TX_3893,U_NORM_867,U_NORM_809,482.92,2026-01-25 04:15:00,0,normal
TX_4301,U_NORM_190,U_NORM_169,444.41,2026-01-25 04:19:00,0,normal
TX_2570,U_NORM_480,U_NORM_875,402.02,2026-01-25 04:21:00,0,normal
TX_2330,U_NORM_707,U_NORM_451,303.73,2026-01-25 04:21:00,0,normal
TX_2843,U_NORM_875,U_NORM_836,573.18,2026-01-25 04:37:00,0,normal
TX_6801,U_NORM_606,U_COLL_40,9520.31,2026-01-25 04:45:00,1,collector_inflow
TX_4078,U_NORM_635,U_NORM_746,782.31,2026-01-25 04:46:00,0,normal
TX_1495,U_NORM_532,U_NORM_856,213.03,2026-01-25 04:50:00,0,normal
TX_4051,U_NORM_768,U_NORM_850,128.6,2026-01-25 04:55:00,0,normal
TX_2524,U_NORM_450,U_NORM_750,431.73,2026-01-25 05:03:00,0,normal
TX_6614,U_NORM_112,U_COLL_30,5619.3,2026-01-25 05:14:00,1,collector_inflow
TX_2924,U_NORM_590,U_NORM_775,395.51,2026-01-25 05:46:00,0,normal
TX_3179,U_NORM_544,U_NORM_808,567.98,2026-01-25 05:52:00,0,normal
TX_2178,U_NORM_397,U_NORM_394,70.89,2026-01-25 06:02:00,0,normal
TX_4419,U_NORM_791,U_NORM_798,789.49,2026-01-25 06:04:00,0,normal
TX_2740,U_NORM_533,U_NORM_781,324.54,2026-01-25 06:17:00,0,normal
TX_2388,U_NORM_181,U_NORM_27,46.76,2026-01-25 06:25:00,0,normal
TX_6894,U_NORM_670,U_COLL_44,7941.0,2026-01-25 06:33:00,1,collector_inflow
TX_3134,U_NORM_569,U_NORM_831,447.33,2026-01-25 06:35:00,0,normal
TX_2378,U_NORM_390,U_NORM_337,575.45,2026-01-25 06:42:00,0,normal
TX_4134,U_NORM_494,U_NORM_641,597.04,2026-01-25 06:51:00,0,normal
TX_2537,U_NORM_5,U_NORM_147,32.86,2026-01-25 06:54:00,0,normal
TX_1076,U_NORM_296,U_NORM_403,714.81,2026-01-25 07:00:00,0,normal
TX_369,U_NORM_361,U_NORM_412,117.82,2026-01-25 07:32:00,0,normal
TX_1623,U_NORM_124,U_NORM_161,613.75,2026-01-25 07:45:00,0,normal
TX_3871,U_NORM_346,U_NORM_142,127.91,2026-01-25 07:48:00,0,normal
TX_2070,U_NORM_365,U_NORM_299,250.55,2026-01-25 07:49:00,0,normal
TX_896,U_NORM_184,U_NORM_323,387.79,2026-01-25 07:57:00,0,normal
TX_1331,U_NORM_143,U_NORM_318,351.72,2026-01-25 08:03:00,0,normal
TX_5218,U_CRIM_10,U_NORM_13,1373.08,2026-01-25 08:11:00,1,criminal_outflow
TX_4792,U_NORM_718,U_NORM_713,35.34,2026-01-25 08:14:00,0,normal
TX_5851,U_CRIM_42,U_NORM_65,1730.39,2026-01-25 08:24:00,1,criminal_outflow
TX_6397,U_NORM_291,U_COLL_19,9016.78,2026-01-25 08:29:00,1,collector_inflow
TX_6735,U_NORM_794,U_COLL_37,8921.5,2026-01-25 08:31:00,1,collector_inflow
TX_5771,U_CRIM_38,U_NORM_321,633.44,2026-01-25 08:35:00,1,criminal_outflow
TX_1586,U_NORM_813,U_NORM_808,43.24,2026-01-25 08:51:00,0,normal
TX_1990,U_NORM_300,U_NORM_204,643.15,2026-01-25 08:52:00,0,normal
TX_4074,U_NORM_784,U_NORM_585,677.29,2026-01-25 08:52:00,0,normal
TX_718,U_NORM_422,U_NORM_448,438.93,2026-01-25 08:54:00,0,normal
TX_3740,U_NORM_209,U_NORM_255,160.47,2026-01-25 08:59:00,0,normal
TX_6218,U_NORM_699,U_COLL_10,6559.2,2026-01-25 09:01:00,1,collector_inflow
TX_1893,U_NORM_32,U_NORM_313,458.74,2026-01-25 09:30:00,0,normal
TX_1728,U_NORM_90,U_NORM_94,46.7,2026-01-25 10:16:00,0,normal
TX_6961,U_NORM_385,U_COLL_46,9109.62,2026-01-25 10:17:00,1,collector_inflow
TX_1974,U_NORM_557,U_NORM_476,563.12,2026-01-25 10:20:00,0,normal
TX_2814,U_NORM_723,U_NORM_736,137.37,2026-01-25 10:24:00,0,normal
TX_2408,U_NORM_182,U_NORM_397,772.17,2026-01-25 10:30:00,0,normal
TX_4895,U_NORM_762,U_NORM_593,639.14,2026-01-25 10:44:00,0,normal
TX_6788,U_NORM_231,U_COLL_39,6648.43,2026-01-25 10:45:00,1,collector_inflow
TX_4317,U_NORM_367,U_NORM_133,146.14,2026-01-25 10:54:00,0,normal
TX_330,U_NORM_617,U_NORM_800,713.14,2026-01-25 11:22:00,0,normal
TX_2539,U_NORM_658,U_NORM_585,406.81,2026-01-25 11:22:00,0,normal
TX_3191,U_NORM_683,U_NORM_778,34.64,2026-01-25 11:27:00,0,normal
TX_1502,U_NORM_259,U_NORM_177,782.34,2026-01-25 11:30:00,0,normal
TX_6646,U_NORM_406,U_COLL_32,9657.9,2026-01-25 11:38:00,1,collector_inflow
TX_3766,U_NORM_517,U_NORM_523,356.65,2026-01-25 11:39:00,0,normal
TX_331,U_NORM_699,U_NORM_538,771.69,2026-01-25 11:43:00,0,normal
TX_6375,U_NORM_612,U_COLL_18,5607.82,2026-01-25 11:49:00,1,collector_inflow
TX_1421,U_NORM_75,U_NORM_233,247.68,2026-01-25 11:50:00,0,normal
TX_2662,U_NORM_23,U_NORM_168,646.3,2026-01-25 11:50:00,0,normal
TX_6124,U_NORM_754,U_COLL_6,9975.61,2026-01-25 12:10:00,1,collector_inflow
TX_1400,U_NORM_797,U_NORM_751,549.42,2026-01-25 12:11:00,0,normal
TX_5876,U_CRIM_44,U_NORM_708,908.58,2026-01-25 12:13:00,1,criminal_outflow
TX_2043,U_NORM_867,U_NORM_571,84.84,2026-01-25 12:18:00,0,normal
TX_4602,U_NORM_893,U_NORM_722,645.5,2026-01-25 12:36:00,0,normal
TX_6065,U_NORM_223,U_COLL_3,7638.08,2026-01-25 12:37:00,1,collector_inflow
TX_2848,U_NORM_550,U_NORM_758,296.57,2026-01-25 12:39:00,0,normal
TX_6702,U_NORM_548,U_COLL_35,6011.39,2026-01-25 12:40:00,1,collector_inflow
TX_959,U_NORM_818,U_NORM_821,6.32,2026-01-25 13:04:00,0,normal
TX_5395,U_CRIM_20,U_NORM_274,618.01,2026-01-25 13:06:00,1,criminal_outflow
TX_1909,U_NORM_768,U_NORM_551,20.32,2026-01-25 13:25:00,0,normal
TX_4441,U_NORM_559,U_NORM_675,493.6,2026-01-25 13:35:00,0,normal
TX_4393,U_NORM_152,U_NORM_300,531.34,2026-01-25 13:43:00,0,normal
TX_2391,U_NORM_136,U_NORM_154,150.58,2026-01-25 13:48:00,0,normal
TX_3168,U_NORM_474,U_NORM_891,253.71,2026-01-25 13:56:00,0,normal
TX_1019,U_NORM_760,U_NORM_617,643.34,2026-01-25 14:00:00,0,normal
TX_6619,U_NORM_409,U_COLL_30,7409.03,2026-01-25 14:04:00,1,collector_inflow
TX_5196,U_CRIM_10,U_NORM_618,670.76,2026-01-25 14:13:00,1,criminal_outflow
TX_426,U_NORM_306,U_NORM_278,464.82,2026-01-25 14:15:00,0,normal
TX_4348,U_NORM_521,U_NORM_472,397.89,2026-01-25 14:25:00,0,normal
TX_832,U_NORM_143,U_NORM_351,439.13,2026-01-25 14:25:00,0,normal
TX_2371,U_NORM_607,U_NORM_722,386.76,2026-01-25 14:31:00,0,normal
TX_6084,U_NORM_758,U_COLL_4,9150.85,2026-01-25 14:45:00,1,collector_inflow
TX_456,U_NORM_767,U_NORM_637,724.8,2026-01-25 14:47:00,0,normal
TX_4030,U_NORM_771,U_NORM_888,795.94,2026-01-25 14:55:00,0,normal
TX_1164,U_NORM_335,U_NORM_279,777.68,2026-01-25 14:55:00,0,normal
TX_2821,U_NORM_368,U_NORM_349,221.7,2026-01-25 15:03:00,0,normal
TX_1007,U_NORM_179,U_NORM_373,510.25,2026-01-25 15:17:00,0,normal
TX_4956,U_NORM_854,U_NORM_765,679.19,2026-01-25 15:27:00,0,normal
TX_969,U_NORM_314,U_NORM_449,377.58,2026-01-25 15:29:00,0,normal
TX_475,U_NORM_400,U_NORM_260,685.63,2026-01-25 15:34:00,0,normal
TX_4613,U_NORM_842,U_NORM_880,782.72,2026-01-25 15:40:00,0,normal
TX_3294,U_NORM_348,U_NORM_412,744.37,2026-01-25 15:41:00,0,normal
TX_2527,U_NORM_336,U_NORM_232,512.87,2026-01-25 15:41:00,0,normal
TX_4951,U_NORM_879,U_NORM_694,297.49,2026-01-25 15:41:00,0,normal
TX_1489,U_NORM_848,U_NORM_489,345.39,2026-01-25 15:46:00,0,normal
TX_5934,U_CRIM_46,U_NORM_124,1848.04,2026-01-25 15:52:00,1,criminal_outflow
TX_2422,U_NORM_529,U_NORM_822,362.58,2026-01-25 15:57:00,0,normal
TX_5912,U_CRIM_45,U_NORM_44,1348.4,2026-01-25 16:03:00,1,criminal_outflow
TX_3878,U_NORM_484,U_NORM_605,468.18,2026-01-25 16:05:00,0,normal
TX_5016,U_CRIM_0,U_NORM_290,1737.25,2026-01-25 16:13:00,1,criminal_outflow
TX_2806,U_NORM_388,U_NORM_376,638.25,2026-01-25 16:16:00,0,normal
TX_3693,U_NORM_47,U_NORM_326,505.4,2026-01-25 16:17:00,0,normal
TX_1697,U_NORM_440,U_NORM_243,342.84,2026-01-25 16:17:00,0,normal
TX_2241,U_NORM_688,U_NORM_597,790.63,2026-01-25 16:33:00,0,normal
TX_6209,U_NORM_133,U_COLL_9,9167.38,2026-01-25 16:39:00,1,collector_inflow
TX_3394,U_NORM_236,U_NORM_405,118.02,2026-01-25 16:50:00,0,normal
TX_6956,U_NORM_630,U_COLL_46,8442.01,2026-01-25 16:52:00,1,collector_inflow
TX_1011,U_NORM_594,U_NORM_527,159.18,2026-01-25 16:52:00,0,normal
TX_1088,U_NORM_534,U_NORM_471,486.41,2026-01-25 16:56:00,0,normal
TX_3875,U_NORM_77,U_NORM_182,460.91,2026-01-25 17:04:00,0,normal
TX_4008,U_NORM_786,U_NORM_561,626.16,2026-01-25 17:14:00,0,normal
TX_6924,U_NORM_364,U_COLL_45,5796.21,2026-01-25 17:26:00,1,collector_inflow
TX_5742,U_CRIM_36,U_NORM_499,1049.02,2026-01-25 17:28:00,1,criminal_outflow
TX_2818,U_NORM_103,U_NORM_417,496.2,2026-01-25 17:28:00,0,normal
TX_862,U_NORM_345,U_NORM_224,687.78,2026-01-25 17:43:00,0,normal
TX_2224,U_NORM_83,U_NORM_117,618.32,2026-01-25 17:43:00,0,normal
TX_4429,U_NORM_251,U_NORM_223,488.33,2026-01-25 17:53:00,0,normal
TX_961,U_NORM_471,U_NORM_862,627.85,2026-01-25 17:55:00,0,normal
TX_3498,U_NORM_106,U_NORM_1,456.43,2026-01-25 17:55:00,0,normal
TX_1937,U_NORM_340,U_NORM_142,701.75,2026-01-25 18:23:00,0,normal
TX_978,U_NORM_242,U_NORM_84,440.85,2026-01-25 18:25:00,0,normal
TX_5015,U_CRIM_0,U_NORM_354,1979.56,2026-01-25 18:32:00,1,criminal_outflow
TX_114,U_NORM_731,U_NORM_885,530.12,2026-01-25 18:36:00,0,normal
TX_6884,U_NORM_123,U_COLL_43,9846.01,2026-01-25 18:38:00,1,collector_inflow
TX_5864,U_CRIM_43,U_NORM_361,750.94,2026-01-25 18:44:00,1,criminal_outflow
TX_169,U_NORM_694,U_NORM_687,201.32,2026-01-25 18:48:00,0,normal
TX_2849,U_NORM_841,U_NORM_513,623.58,2026-01-25 18:50:00,0,normal
TX_4063,U_NORM_514,U_NORM_783,247.49,2026-01-25 18:53:00,0,normal
TX_3651,U_NORM_160,U_NORM_7,641.94,2026-01-25 18:53:00,0,normal
TX_3434,U_NORM_457,U_NORM_568,638.64,2026-01-25 18:55:00,0,normal
TX_2751,U_NORM_786,U_NORM_851,456.42,2026-01-25 19:03:00,0,normal
TX_1869,U_NORM_214,U_NORM_28,159.95,2026-01-25 19:06:00,0,normal
TX_572,U_NORM_15,U_NORM_288,439.55,2026-01-25 19:08:00,0,normal
TX_1574,U_NORM_95,U_NORM_223,327.75,2026-01-25 19:22:00,0,normal
TX_580,U_NORM_499,U_NORM_898,672.07,2026-01-25 19:31:00,0,normal
TX_5747,U_CRIM_36,U_NORM_332,1081.02,2026-01-25 19:33:00,1,criminal_outflow
TX_2715,U_NORM_479,U_NORM_458,80.73,2026-01-25 19:37:00,0,normal
TX_2393,U_NORM_645,U_NORM_450,560.17,2026-01-25 19:40:00,0,normal
TX_3251,U_NORM_811,U_NORM_531,317.94,2026-01-25 19:51:00,0,normal
TX_828,U_NORM_121,U_NORM_196,739.27,2026-01-25 19:58:00,0,normal
TX_6774,U_NORM_638,U_COLL_38,7616.15,2026-01-25 20:09:00,1,collector_inflow
TX_6877,U_NORM_357,U_COLL_43,9176.55,2026-01-25 20:22:00,1,collector_inflow
TX_3362,U_NORM_611,U_NORM_547,167.89,2026-01-25 20:26:00,0,normal
TX_2538,U_NORM_28,U_NORM_353,109.91,2026-01-25 20:28:00,0,normal
TX_4226,U_NORM_501,U_NORM_833,718.78,2026-01-25 20:31:00,0,normal
TX_2174,U_NORM_776,U_NORM_852,467.48,2026-01-25 20:35:00,0,normal
TX_5052,U_CRIM_2,U_NORM_417,792.53,2026-01-25 20:38:00,1,criminal_outflow
TX_5710,U_CRIM_35,U_NORM_324,1321.64,2026-01-25 20:38:00,1,criminal_outflow
TX_1047,U_NORM_288,U_NORM_243,703.64,2026-01-25 20:40:00,0,normal
TX_6251,U_NORM_24,U_COLL_11,8651.64,2026-01-25 20:45:00,1,collector_inflow
TX_2840,U_NORM_730,U_NORM_688,637.37,2026-01-25 20:47:00,0,normal
TX_3300,U_NORM_389,U_NORM_160,117.81,2026-01-25 20:47:00,0,normal
TX_3075,U_NORM_753,U_NORM_723,427.12,2026-01-25 21:03:00,0,normal
TX_6387,U_NORM_581,U_COLL_19,9077.68,2026-01-25 21:03:00,1,collector_inflow
TX_719,U_NORM_705,U_NORM_738,500.43,2026-01-25 21:05:00,0,normal
TX_6862,U_NORM_422,U_COLL_42,7921.28,2026-01-25 21:15:00,1,collector_inflow
TX_5555,U_CRIM_28,U_NORM_261,1767.01,2026-01-25 21:25:00,1,criminal_outflow
TX_4997,U_NORM_837,U_NORM_484,567.23,2026-01-25 21:28:00,0,normal
TX_1488,U_NORM_179,U_NORM_364,749.35,2026-01-25 21:34:00,0,normal
TX_5363,U_CRIM_19,U_NORM_332,1822.19,2026-01-25 21:36:00,1,criminal_outflow
TX_4436,U_NORM_365,U_NORM_148,742.97,2026-01-25 21:45:00,0,normal
TX_3189,U_NORM_669,U_NORM_739,269.23,2026-01-25 21:57:00,0,normal
TX_6584,U_NORM_400,U_COLL_28,5032.42,2026-01-25 21:57:00,1,collector_inflow
TX_3582,U_NORM_112,U_NORM_359,68.55,2026-01-25 22:00:00,0,normal
TX_5290,U_CRIM_14,U_NORM_488,515.64,2026-01-25 22:07:00,1,criminal_outflow
TX_800,U_NORM_300,U_NORM_196,468.07,2026-01-25 22:14:00,0,normal
TX_598,U_NORM_7,U_NORM_292,600.23,2026-01-25 22:15:00,0,normal
TX_4934,U_NORM_483,U_NORM_704,248.71,2026-01-25 22:38:00,0,normal
TX_1760,U_NORM_830,U_NORM_458,768.12,2026-01-25 22:38:00,0,normal
TX_6295,U_NORM_136,U_COLL_13,9379.02,2026-01-25 22:39:00,1,collector_inflow
TX_3804,U_NORM_274,U_NORM_5,729.21,2026-01-25 22:41:00,0,normal
TX_1469,U_NORM_415,U_NORM_142,405.07,2026-01-25 22:47:00,0,normal
TX_502,U_NORM_47,U_NORM_148,300.18,2026-01-25 22:52:00,0,normal
TX_5741,U_CRIM_36,U_NORM_492,1266.68,2026-01-25 23:00:00,1,criminal_outflow
TX_3454,U_NORM_555,U_NORM_716,343.39,2026-01-25 23:04:00,0,normal
TX_6078,U_NORM_580,U_COLL_3,9776.84,2026-01-25 23:04:00,1,collector_inflow
TX_1579,U_NORM_15,U_NORM_266,253.54,2026-01-25 23:31:00,0,normal
TX_4796,U_NORM_154,U_NORM_40,203.99,2026-01-25 23:31:00,0,normal
TX_2411,U_NORM_479,U_NORM_615,457.02,2026-01-25 23:34:00,0,normal
TX_3336,U_NORM_568,U_NORM_553,297.16,2026-01-25 23:37:00,0,normal
TX_79,U_NORM_401,U_NORM_8,69.87,2026-01-25 23:45:00,0,normal
TX_4645,U_NORM_837,U_NORM_467,461.26,2026-01-25 23:52:00,0,normal
TX_4519,U_NORM_120,U_NORM_441,288.11,2026-01-25 23:52:00,0,normal
TX_2767,U_NORM_528,U_NORM_556,602.5,2026-01-25 23:55:00,0,normal
TX_1823,U_NORM_660,U_NORM_636,177.4,2026-01-26 00:04:00,0,normal
TX_4385,U_NORM_855,U_NORM_897,165.74,2026-01-26 00:07:00,0,normal
TX_1353,U_NORM_430,U_NORM_265,267.56,2026-01-26 00:08:00,0,normal
TX_5451,U_CRIM_23,U_NORM_109,572.63,2026-01-26 00:15:00,1,criminal_outflow
TX_4274,U_NORM_671,U_NORM_533,765.06,2026-01-26 00:18:00,0,normal
TX_1119,U_NORM_798,U_NORM_584,574.99,2026-01-26 00:20:00,0,normal
TX_1716,U_NORM_159,U_NORM_166,84.27,2026-01-26 00:21:00,0,normal
TX_681,U_NORM_318,U_NORM_269,560.61,2026-01-26 00:22:00,0,normal
TX_5048,U_CRIM_2,U_NORM_679,1961.75,2026-01-26 00:30:00,1,criminal_outflow
TX_1113,U_NORM_728,U_NORM_786,474.39,2026-01-26 00:45:00,0,normal
TX_2374,U_NORM_616,U_NORM_681,67.83,2026-01-26 00:48:00,0,normal
TX_6489,U_NORM_293,U_COLL_23,8024.37,2026-01-26 00:52:00,1,collector_inflow
TX_4305,U_NORM_94,U_NORM_385,20.16,2026-01-26 00:59:00,0,normal
TX_2888,U_NORM_83,U_NORM_108,238.75,2026-01-26 01:00:00,0,normal
TX_539,U_NORM_53,U_NORM_98,441.62,2026-01-26 01:04:00,0,normal
TX_4002,U_NORM_256,U_NORM_434,68.34,2026-01-26 01:07:00,0,normal
TX_3108,U_NORM_639,U_NORM_617,161.87,2026-01-26 01:10:00,0,normal
TX_5994,U_NORM_650,U_COLL_0,5806.42,2026-01-26 01:20:00,1,collector_inflow
TX_1060,U_NORM_351,U_NORM_279,735.58,2026-01-26 01:31:00,0,normal
TX_7051,U_NORM_54,U_NORM_749,25.89,2026-01-26 01:32:00,0,bridge
TX_4344,U_NORM_576,U_NORM_812,627.52,2026-01-26 01:39:00,0,normal
TX_2746,U_NORM_166,U_NORM_149,793.12,2026-01-26 01:41:00,0,normal
TX_3625,U_NORM_896,U_NORM_533,428.94,2026-01-26 01:44:00,0,normal
TX_4288,U_NORM_596,U_NORM_883,390.14,2026-01-26 02:22:00,0,normal
TX_4270,U_NORM_727,U_NORM_859,44.45,2026-01-26 02:25:00,0,normal
TX_3577,U_NORM_810,U_NORM_533,253.78,2026-01-26 02:32:00,0,normal
TX_4637,U_NORM_157,U_NORM_205,538.1,2026-01-26 02:44:00,0,normal
TX_2871,U_NORM_195,U_NORM_90,391.58,2026-01-26 02:45:00,0,normal
TX_5145,U_CRIM_7,U_NORM_698,1195.07,2026-01-26 02:45:00,1,criminal_outflow
TX_4773,U_NORM_665,U_NORM_519,18.72,2026-01-26 02:46:00,0,normal
TX_5494,U_CRIM_25,U_NORM_2,1968.21,2026-01-26 02:46:00,1,criminal_outflow
TX_4896,U_NORM_685,U_NORM_898,619.65,2026-01-26 02:53:00,0,normal
TX_3554,U_NORM_371,U_NORM_157,19.17,2026-01-26 02:59:00,0,normal
TX_2498,U_NORM_612,U_NORM_497,629.5,2026-01-26 03:17:00,0,normal
TX_473,U_NORM_187,U_NORM_413,782.5,2026-01-26 03:19:00,0,normal
TX_1,U_NORM_865,U_NORM_770,166.65,2026-01-26 03:22:00,0,normal
TX_6077,U_NORM_867,U_COLL_3,8543.44,2026-01-26 03:25:00,1,collector_inflow
TX_6690,U_NORM_786,U_COLL_34,7837.85,2026-01-26 03:45:00,1,collector_inflow
TX_4697,U_NORM_20,U_NORM_88,346.93,2026-01-26 04:05:00,0,normal
TX_6744,U_NORM_746,U_COLL_37,7229.69,2026-01-26 04:06:00,1,collector_inflow
TX_3308,U_NORM_258,U_NORM_418,466.76,2026-01-26 04:06:00,0,normal
TX_2745,U_NORM_835,U_NORM_526,147.09,2026-01-26 04:11:00,0,normal
TX_2365,U_NORM_424,U_NORM_64,327.65,2026-01-26 04:27:00,0,normal
TX_1179,U_NORM_520,U_NORM_487,236.91,2026-01-26 04:43:00,0,normal
TX_1040,U_NORM_681,U_NORM_860,736.65,2026-01-26 04:43:00,0,normal
TX_4776,U_NORM_668,U_NORM_794,777.57,2026-01-26 04:45:00,0,normal
TX_1332,U_NORM_754,U_NORM_562,10.5,2026-01-26 04:46:00,0,normal
TX_998,U_NORM_572,U_NORM_758,745.96,2026-01-26 04:49:00,0,normal
TX_5698,U_CRIM_35,U_NORM_818,1781.97,2026-01-26 04:49:00,1,criminal_outflow
TX_4291,U_NORM_66,U_NORM_214,628.68,2026-01-26 04:52:00,0,normal
TX_2108,U_NORM_895,U_NORM_590,222.59,2026-01-26 04:52:00,0,normal
TX_6767,U_NORM_826,U_COLL_38,5367.35,2026-01-26 04:54:00,1,collector_inflow
TX_5547,U_CRIM_27,U_NORM_473,964.92,2026-01-26 04:55:00,1,criminal_outflow
TX_517,U_NORM_121,U_NORM_82,483.94,2026-01-26 05:17:00,0,normal
TX_4208,U_NORM_450,U_NORM_785,756.25,2026-01-26 05:24:00,0,normal
TX_4210,U_NORM_408,U_NORM_406,195.7,2026-01-26 05:26:00,0,normal
TX_6191,U_NORM_224,U_COLL_8,5960.93,2026-01-26 05:36:00,1,collector_inflow
TX_3051,U_NORM_769,U_NORM_884,371.01,2026-01-26 05:43:00,0,normal
TX_465,U_NORM_478,U_NORM_822,622.56,2026-01-26 05:53:00,0,normal
TX_6105,U_NORM_329,U_COLL_4,7810.22,2026-01-26 05:57:00,1,collector_inflow
TX_864,U_NORM_803,U_NORM_623,424.38,2026-01-26 06:01:00,0,normal
TX_2022,U_NORM_334,U_NORM_429,348.79,2026-01-26 06:03:00,0,normal
TX_2602,U_NORM_502,U_NORM_806,175.48,2026-01-26 06:09:00,0,normal
TX_6085,U_NORM_516,U_COLL_4,6053.97,2026-01-26 06:12:00,1,collector_inflow
TX_5972,U_CRIM_49,U_NORM_101,1335.78,2026-01-26 06:30:00,1,criminal_outflow
TX_1896,U_NORM_330,U_NORM_16,640.9,2026-01-26 06:35:00,0,normal
TX_2306,U_NORM_80,U_NORM_296,734.51,2026-01-26 06:46:00,0,normal
TX_431,U_NORM_552,U_NORM_485,529.4,2026-01-26 06:47:00,0,normal
TX_2429,U_NORM_894,U_NORM_704,720.89,2026-01-26 06:52:00,0,normal
TX_4494,U_NORM_410,U_NORM_287,640.68,2026-01-26 07:15:00,0,normal
TX_735,U_NORM_898,U_NORM_693,282.09,2026-01-26 07:21:00,0,normal
TX_607,U_NORM_561,U_NORM_690,430.63,2026-01-26 07:24:00,0,normal
TX_5036,U_CRIM_1,U_NORM_631,763.31,2026-01-26 07:32:00,1,criminal_outflow
TX_492,U_NORM_74,U_NORM_50,433.64,2026-01-26 07:40:00,0,normal
TX_6243,U_NORM_95,U_COLL_10,6919.29,2026-01-26 07:44:00,1,collector_inflow
TX_1620,U_NORM_404,U_NORM_190,204.74,2026-01-26 07:50:00,0,normal
TX_1333,U_NORM_16,U_NORM_1,78.81,2026-01-26 07:55:00,0,normal
TX_3283,U_NORM_219,U_NORM_83,403.07,2026-01-26 08:18:00,0,normal
TX_1308,U_NORM_241,U_NORM_274,297.48,2026-01-26 08:18:00,0,normal
TX_1798,U_NORM_501,U_NORM_571,630.43,2026-01-26 08:19:00,0,normal
TX_5583,U_CRIM_29,U_NORM_759,1982.84,2026-01-26 08:24:00,1,criminal_outflow
TX_2684,U_NORM_718,U_NORM_807,188.27,2026-01-26 08:24:00,0,normal
TX_2181,U_NORM_884,U_NORM_643,422.99,2026-01-26 08:30:00,0,normal
TX_4565,U_NORM_133,U_NORM_295,442.52,2026-01-26 08:34:00,0,normal
TX_1913,U_NORM_636,U_NORM_549,192.76,2026-01-26 08:47:00,0,normal
TX_251,U_NORM_589,U_NORM_830,761.15,2026-01-26 09:04:00,0,normal
TX_5463,U_CRIM_23,U_NORM_347,1572.38,2026-01-26 09:13:00,1,criminal_outflow
TX_4783,U_NORM_243,U_NORM_206,795.7,2026-01-26 09:27:00,0,normal
TX_3370,U_NORM_473,U_NORM_662,167.77,2026-01-26 09:33:00,0,normal
TX_1479,U_NORM_880,U_NORM_883,286.59,2026-01-26 09:35:00,0,normal
TX_2455,U_NORM_467,U_NORM_535,396.87,2026-01-26 09:44:00,0,normal
TX_1130,U_NORM_329,U_NORM_234,706.56,2026-01-26 09:44:00,0,normal
TX_159,U_NORM_349,U_NORM_449,122.62,2026-01-26 09:45:00,0,normal
TX_3194,U_NORM_262,U_NORM_172,214.92,2026-01-26 09:53:00,0,normal
TX_695,U_NORM_608,U_NORM_875,70.12,2026-01-26 10:09:00,0,normal
TX_1293,U_NORM_248,U_NORM_44,795.32,2026-01-26 10:13:00,0,normal
TX_826,U_NORM_330,U_NORM_233,254.0,2026-01-26 10:16:00,0,normal
TX_6141,U_NORM_553,U_COLL_6,8604.24,2026-01-26 10:17:00,1,collector_inflow
TX_4626,U_NORM_787,U_NORM_858,665.63,2026-01-26 10:21:00,0,normal
TX_444,U_NORM_36,U_NORM_45,798.14,2026-01-26 10:25:00,0,normal
TX_4243,U_NORM_287,U_NORM_408,111.3,2026-01-26 10:29:00,0,normal
TX_1504,U_NORM_2,U_NORM_430,220.9,2026-01-26 10:30:00,0,normal
TX_5616,U_CRIM_31,U_NORM_171,922.15,2026-01-26 10:30:00,1,criminal_outflow
TX_4497,U_NORM_267,U_NORM_254,224.28,2026-01-26 10:33:00,0,normal
TX_5537,U_CRIM_27,U_NORM_299,1819.05,2026-01-26 10:38:00,1,criminal_outflow
TX_2955,U_NORM_869,U_NORM_806,655.43,2026-01-26 10:46:00,0,normal
TX_5360,U_CRIM_19,U_NORM_83,1516.2,2026-01-26 11:02:00,1,criminal_outflow
TX_7043,U_NORM_886,U_COLL_49,8928.6,2026-01-26 11:06:00,1,collector_inflow
TX_2154,U_NORM_708,U_NORM_862,593.07,2026-01-26 11:07:00,0,normal
TX_1857,U_NORM_753,U_NORM_523,58.01,2026-01-26 11:12:00,0,normal
TX_3700,U_NORM_464,U_NORM_773,617.44,2026-01-26 11:14:00,0,normal
TX_6376,U_NORM_703,U_COLL_18,6272.4,2026-01-26 11:19:00,1,collector_inflow
TX_4696,U_NORM_92,U_NORM_292,364.54,2026-01-26 11:26:00,0,normal
TX_5610,U_CRIM_30,U_NORM_807,1995.69,2026-01-26 11:26:00,1,criminal_outflow
TX_795,U_NORM_423,U_NORM_412,125.81,2026-01-26 11:27:00,0,normal
TX_4846,U_NORM_546,U_NORM_552,688.52,2026-01-26 11:28:00,0,normal
TX_5608,U_CRIM_30,U_NORM_260,1402.66,2026-01-26 11:52:00,1,criminal_outflow
TX_6314,U_NORM_274,U_COLL_15,8758.15,2026-01-26 11:59:00,1,collector_inflow
TX_634,U_NORM_571,U_NORM_592,61.58,2026-01-26 12:06:00,0,normal
TX_5754,U_CRIM_37,U_NORM_895,743.59,2026-01-26 12:09:00,1,criminal_outflow
TX_4764,U_NORM_284,U_NORM_182,169.03,2026-01-26 12:11:00,0,normal
TX_3964,U_NORM_112,U_NORM_225,54.8,2026-01-26 12:13:00,0,normal
TX_5446,U_CRIM_23,U_NORM_549,1571.61,2026-01-26 12:15:00,1,criminal_outflow
TX_5586,U_CRIM_29,U_NORM_98,1155.13,2026-01-26 12:28:00,1,criminal_outflow
TX_1981,U_NORM_848,U_NORM_871,132.11,2026-01-26 12:30:00,0,normal
TX_6384,U_NORM_459,U_COLL_18,5944.71,2026-01-26 12:32:00,1,collector_inflow
TX_3429,U_NORM_103,U_NORM_351,235.3,2026-01-26 12:38:00,0,normal
TX_4893,U_NORM_720,U_NORM_840,630.29,2026-01-26 12:41:00,0,normal
TX_6292,U_NORM_16,U_COLL_13,9010.12,2026-01-26 12:42:00,1,collector_inflow
TX_6569,U_NORM_588,U_COLL_27,7022.19,2026-01-26 12:53:00,1,collector_inflow
TX_5128,U_CRIM_6,U_NORM_659,961.02,2026-01-26 12:55:00,1,criminal_outflow
TX_343,U_NORM_669,U_NORM_561,331.58,2026-01-26 13:01:00,0,normal
TX_5193,U_CRIM_9,U_NORM_143,1988.28,2026-01-26 13:07:00,1,criminal_outflow
TX_321,U_NORM_641,U_NORM_859,234.66,2026-01-26 13:25:00,0,normal
TX_6211,U_NORM_72,U_COLL_9,9808.93,2026-01-26 13:28:00,1,collector_inflow
TX_1806,U_NORM_191,U_NORM_95,370.54,2026-01-26 13:30:00,0,normal
TX_1372,U_NORM_799,U_NORM_670,115.82,2026-01-26 13:42:00,0,normal
TX_7020,U_NORM_836,U_COLL_49,5819.64,2026-01-26 13:43:00,1,collector_inflow
TX_5447,U_CRIM_23,U_NORM_64,1816.96,2026-01-26 13:45:00,1,criminal_outflow
TX_6220,U_NORM_874,U_COLL_10,7622.99,2026-01-26 14:04:00,1,collector_inflow
TX_2896,U_NORM_715,U_NORM_495,206.54,2026-01-26 14:09:00,0,normal
TX_5214,U_CRIM_10,U_NORM_628,1885.18,2026-01-26 14:10:00,1,criminal_outflow
TX_2416,U_NORM_10,U_NORM_372,480.57,2026-01-26 14:19:00,0,normal
TX_2321,U_NORM_821,U_NORM_566,368.26,2026-01-26 14:25:00,0,normal
TX_353,U_NORM_711,U_NORM_751,398.17,2026-01-26 14:25:00,0,normal
TX_2844,U_NORM_115,U_NORM_260,680.75,2026-01-26 14:27:00,0,normal
TX_1340,U_NORM_204,U_NORM_428,736.01,2026-01-26 14:33:00,0,normal
TX_5438,U_CRIM_22,U_NORM_283,655.87,2026-01-26 14:41:00,1,criminal_outflow
TX_6056,U_NORM_497,U_COLL_3,6848.06,2026-01-26 15:10:00,1,collector_inflow
TX_2353,U_NORM_227,U_NORM_309,425.17,2026-01-26 15:14:00,0,normal
TX_313,U_NORM_593,U_NORM_829,766.65,2026-01-26 15:14:00,0,normal
TX_4319,U_NORM_185,U_NORM_415,671.97,2026-01-26 15:17:00,0,normal
TX_3322,U_NORM_400,U_NORM_370,423.77,2026-01-26 15:17:00,0,normal
TX_4321,U_NORM_627,U_NORM_752,332.03,2026-01-26 15:18:00,0,normal
TX_4433,U_NORM_317,U_NORM_128,794.66,2026-01-26 15:22:00,0,normal
TX_3291,U_NORM_505,U_NORM_750,431.49,2026-01-26 15:26:00,0,normal
TX_1320,U_NORM_162,U_NORM_282,407.16,2026-01-26 15:40:00,0,normal
TX_4526,U_NORM_660,U_NORM_742,257.02,2026-01-26 15:41:00,0,normal
TX_5530,U_CRIM_26,U_NORM_245,700.77,2026-01-26 15:45:00,1,criminal_outflow
TX_175,U_NORM_227,U_NORM_259,322.88,2026-01-26 15:46:00,0,normal
TX_3171,U_NORM_585,U_NORM_846,398.98,2026-01-26 15:56:00,0,normal
TX_1409,U_NORM_855,U_NORM_567,354.75,2026-01-26 16:04:00,0,normal
TX_5296,U_CRIM_14,U_NORM_90,1732.65,2026-01-26 16:04:00,1,criminal_outflow
TX_707,U_NORM_739,U_NORM_455,127.36,2026-01-26 16:05:00,0,normal
TX_1361,U_NORM_609,U_NORM_833,266.19,2026-01-26 16:32:00,0,normal
TX_625,U_NORM_90,U_NORM_340,119.35,2026-01-26 16:35:00,0,normal
TX_2437,U_NORM_149,U_NORM_222,539.31,2026-01-26 17:00:00,0,normal
TX_5744,U_CRIM_36,U_NORM_710,808.1,2026-01-26 17:01:00,1,criminal_outflow
TX_951,U_NORM_308,U_NORM_114,93.8,2026-01-26 17:01:00,0,normal
TX_5826,U_CRIM_41,U_NORM_532,583.15,2026-01-26 17:02:00,1,criminal_outflow
TX_780,U_NORM_356,U_NORM_420,650.49,2026-01-26 17:18:00,0,normal
TX_2402,U_NORM_494,U_NORM_713,303.87,2026-01-26 17:18:00,0,normal
TX_3933,U_NORM_119,U_NORM_310,556.21,2026-01-26 17:19:00,0,normal
TX_3739,U_NORM_678,U_NORM_812,719.42,2026-01-26 17:26:00,0,normal
TX_2086,U_NORM_872,U_NORM_850,167.82,2026-01-26 17:37:00,0,normal
TX_5588,U_CRIM_30,U_NORM_534,1878.06,2026-01-26 17:45:00,1,criminal_outflow
TX_214,U_NORM_200,U_NORM_218,361.54,2026-01-26 17:50:00,0,normal
TX_291,U_NORM_844,U_NORM_620,499.73,2026-01-26 17:52:00,0,normal
TX_5461,U_CRIM_23,U_NORM_534,1753.8,2026-01-26 17:56:00,1,criminal_outflow
TX_4733,U_NORM_799,U_NORM_594,671.14,2026-01-26 18:05:00,0,normal
TX_5646,U_CRIM_32,U_NORM_373,1398.52,2026-01-26 18:18:00,1,criminal_outflow
TX_5942,U_CRIM_47,U_NORM_693,616.99,2026-01-26 18:18:00,1,criminal_outflow
TX_6120,U_NORM_412,U_COLL_6,9044.48,2026-01-26 18:24:00,1,collector_inflow
TX_2968,U_NORM_397,U_NORM_87,527.74,2026-01-26 18:24:00,0,normal
TX_5043,U_CRIM_2,U_NORM_19,1127.1,2026-01-26 18:29:00,1,criminal_outflow
TX_4346,U_NORM_56,U_NORM_150,281.99,2026-01-26 18:41:00,0,normal
TX_1013,U_NORM_643,U_NORM_538,456.89,2026-01-26 18:44:00,0,normal
TX_3182,U_NORM_327,U_NORM_382,681.08,2026-01-26 18:48:00,0,normal
TX_2458,U_NORM_292,U_NORM_139,64.27,2026-01-26 18:53:00,0,normal
TX_5926,U_CRIM_46,U_NORM_722,1535.12,2026-01-26 19:03:00,1,criminal_outflow
TX_1639,U_NORM_852,U_NORM_782,486.78,2026-01-26 19:04:00,0,normal
TX_6958,U_NORM_37,U_COLL_46,6366.77,2026-01-26 19:10:00,1,collector_inflow
TX_1824,U_NORM_145,U_NORM_182,208.66,2026-01-26 19:15:00,0,normal
TX_1500,U_NORM_383,U_NORM_151,493.74,2026-01-26 19:19:00,0,normal
TX_1312,U_NORM_501,U_NORM_455,714.49,2026-01-26 20:00:00,0,normal
TX_4984,U_NORM_671,U_NORM_867,417.46,2026-01-26 20:03:00,0,normal
TX_2846,U_NORM_583,U_NORM_736,169.72,2026-01-26 20:06:00,0,normal
TX_5423,U_CRIM_21,U_NORM_236,1590.57,2026-01-26 20:07:00,1,criminal_outflow
TX_6952,U_NORM_699,U_COLL_46,7645.11,2026-01-26 20:08:00,1,collector_inflow
TX_3559,U_NORM_249,U_NORM_267,431.8,2026-01-26 20:18:00,0,normal
TX_1836,U_NORM_386,U_NORM_67,681.53,2026-01-26 20:25:00,0,normal
TX_223,U_NORM_708,U_NORM_881,283.53,2026-01-26 20:26:00,0,normal
TX_5361,U_CRIM_19,U_NORM_147,1735.89,2026-01-26 20:35:00,1,criminal_outflow
TX_1650,U_NORM_580,U_NORM_656,638.37,2026-01-26 20:45:00,0,normal
TX_4545,U_NORM_700,U_NORM_765,484.22,2026-01-26 20:47:00,0,normal
TX_4561,U_NORM_747,U_NORM_746,521.12,2026-01-26 21:00:00,0,normal
TX_391,U_NORM_551,U_NORM_768,71.1,2026-01-26 21:17:00,0,normal
TX_2046,U_NORM_127,U_NORM_394,547.33,2026-01-26 21:20:00,0,normal
TX_5345,U_CRIM_17,U_NORM_340,1063.59,2026-01-26 21:59:00,1,criminal_outflow
TX_6673,U_NORM_14,U_COLL_33,5494.25,2026-01-26 22:30:00,1,collector_inflow
TX_455,U_NORM_633,U_NORM_457,51.71,2026-01-26 22:32:00,0,normal
TX_4343,U_NORM_162,U_NORM_295,700.76,2026-01-26 22:51:00,0,normal
TX_1355,U_NORM_654,U_NORM_537,582.29,2026-01-26 22:55:00,0,normal
TX_279,U_NORM_446,U_NORM_243,314.55,2026-01-26 22:59:00,0,normal
TX_3437,U_NORM_356,U_NORM_318,161.39,2026-01-26 23:01:00,0,normal
TX_5521,U_CRIM_26,U_NORM_214,1785.19,2026-01-26 23:21:00,1,criminal_outflow
TX_6701,U_NORM_322,U_COLL_35,5013.75,2026-01-26 23:28:00,1,collector_inflow
TX_2825,U_NORM_650,U_NORM_498,69.38,2026-01-26 23:35:00,0,normal
TX_6225,U_NORM_428,U_COLL_10,8805.62,2026-01-26 23:46:00,1,collector_inflow
TX_4854,U_NORM_38,U_NORM_82,373.14,2026-01-27 00:04:00,0,normal
TX_2053,U_NORM_581,U_NORM_791,662.82,2026-01-27 00:13:00,0,normal
TX_4732,U_NORM_352,U_NORM_281,244.02,2026-01-27 00:23:00,0,normal
TX_3869,U_NORM_560,U_NORM_797,688.21,2026-01-27 00:23:00,0,normal
TX_432,U_NORM_618,U_NORM_878,417.17,2026-01-27 00:37:00,0,normal
TX_6131,U_NORM_218,U_COLL_6,6865.55,2026-01-27 00:48:00,1,collector_inflow
TX_2618,U_NORM_386,U_NORM_41,428.85,2026-01-27 00:51:00,0,normal
TX_296,U_NORM_360,U_NORM_58,192.42,2026-01-27 00:58:00,0,normal
TX_5191,U_CRIM_9,U_NORM_532,867.62,2026-01-27 01:00:00,1,criminal_outflow
TX_5947,U_CRIM_47,U_NORM_740,868.31,2026-01-27 01:05:00,1,criminal_outflow
TX_4173,U_NORM_608,U_NORM_640,744.21,2026-01-27 01:15:00,0,normal
TX_7031,U_NORM_702,U_COLL_49,7490.34,2026-01-27 01:16:00,1,collector_inflow
TX_1032,U_NORM_642,U_NORM_714,751.37,2026-01-27 01:20:00,0,normal
TX_3889,U_NORM_416,U_NORM_173,331.39,2026-01-27 01:23:00,0,normal
TX_6637,U_NORM_792,U_COLL_31,5588.45,2026-01-27 01:26:00,1,collector_inflow
TX_6112,U_NORM_371,U_COLL_5,7062.69,2026-01-27 01:29:00,1,collector_inflow
TX_2486,U_NORM_562,U_NORM_755,404.69,2026-01-27 01:34:00,0,normal
TX_6697,U_NORM_356,U_COLL_34,8316.17,2026-01-27 01:35:00,1,collector_inflow
TX_3380,U_NORM_788,U_NORM_745,137.92,2026-01-27 01:37:00,0,normal
TX_6232,U_NORM_384,U_COLL_10,6239.83,2026-01-27 01:45:00,1,collector_inflow
TX_6454,U_NORM_752,U_COLL_22,7241.28,2026-01-27 01:54:00,1,collector_inflow
TX_5796,U_CRIM_40,U_NORM_154,1310.18,2026-01-27 01:55:00,1,criminal_outflow
TX_7000,U_NORM_98,U_COLL_48,8152.71,2026-01-27 02:08:00,1,collector_inflow
TX_2419,U_NORM_547,U_NORM_487,165.89,2026-01-27 02:10:00,0,normal
TX_606,U_NORM_707,U_NORM_664,414.94,2026-01-27 02:15:00,0,normal
TX_2019,U_NORM_55,U_NORM_448,429.54,2026-01-27 02:24:00,0,normal
TX_6214,U_NORM_388,U_COLL_9,8039.53,2026-01-27 02:27:00,1,collector_inflow
TX_4437,U_NORM_7,U_NORM_254,368.41,2026-01-27 02:40:00,0,normal
TX_3473,U_NORM_862,U_NORM_894,232.26,2026-01-27 02:47:00,0,normal
TX_4442,U_NORM_844,U_NORM_498,751.7,2026-01-27 02:52:00,0,normal
TX_4648,U_NORM_592,U_NORM_586,397.69,2026-01-27 03:06:00,0,normal
TX_4723,U_NORM_44,U_NORM_197,195.13,2026-01-27 03:07:00,0,normal
TX_5939,U_CRIM_47,U_NORM_138,1307.66,2026-01-27 03:08:00,1,criminal_outflow
TX_930,U_NORM_52,U_NORM_213,792.64,2026-01-27 03:14:00,0,normal
TX_1465,U_NORM_748,U_NORM_487,575.4,2026-01-27 03:25:00,0,normal
TX_6708,U_NORM_630,U_COLL_35,6385.93,2026-01-27 03:32:00,1,collector_inflow
TX_402,U_NORM_720,U_NORM_799,324.84,2026-01-27 03:37:00,0,normal
TX_1339,U_NORM_600,U_NORM_586,471.89,2026-01-27 03:38:00,0,normal
TX_4678,U_NORM_21,U_NORM_200,180.07,2026-01-27 03:48:00,0,normal
TX_3396,U_NORM_361,U_NORM_231,472.28,2026-01-27 04:08:00,0,normal
TX_216,U_NORM_244,U_NORM_54,275.58,2026-01-27 04:09:00,0,normal
TX_5124,U_CRIM_6,U_NORM_111,1757.31,2026-01-27 04:11:00,1,criminal_outflow
TX_6429,U_NORM_581,U_COLL_20,6129.16,2026-01-27 04:13:00,1,collector_inflow
TX_2468,U_NORM_505,U_NORM_497,295.03,2026-01-27 04:13:00,0,normal
TX_6715,U_NORM_38,U_COLL_35,5370.81,2026-01-27 04:14:00,1,collector_inflow
TX_4520,U_NORM_528,U_NORM_660,762.4,2026-01-27 04:23:00,0,normal
TX_4484,U_NORM_289,U_NORM_130,223.65,2026-01-27 04:27:00,0,normal
TX_854,U_NORM_812,U_NORM_642,325.42,2026-01-27 04:34:00,0,normal
TX_4132,U_NORM_630,U_NORM_784,449.57,2026-01-27 04:34:00,0,normal
TX_3252,U_NORM_724,U_NORM_825,117.87,2026-01-27 04:49:00,0,normal
TX_1008,U_NORM_742,U_NORM_679,670.25,2026-01-27 04:56:00,0,normal
TX_5411,U_CRIM_21,U_NORM_251,648.76,2026-01-27 05:02:00,1,criminal_outflow
TX_694,U_NORM_166,U_NORM_162,543.11,2026-01-27 05:04:00,0,normal
TX_4304,U_NORM_395,U_NORM_430,323.69,2026-01-27 05:10:00,0,normal
TX_5813,U_CRIM_40,U_NORM_607,1420.29,2026-01-27 05:14:00,1,criminal_outflow
TX_1607,U_NORM_561,U_NORM_718,748.28,2026-01-27 05:15:00,0,normal
TX_37,U_NORM_518,U_NORM_552,799.97,2026-01-27 05:21:00,0,normal
TX_4356,U_NORM_876,U_NORM_646,369.0,2026-01-27 05:27:00,0,normal
TX_1064,U_NORM_284,U_NORM_440,683.3,2026-01-27 05:32:00,0,normal
TX_3635,U_NORM_487,U_NORM_641,366.98,2026-01-27 05:42:00,0,normal
TX_2653,U_NORM_561,U_NORM_622,570.12,2026-01-27 05:49:00,0,normal
TX_4256,U_NORM_875,U_NORM_603,645.94,2026-01-27 05:50:00,0,normal
TX_6261,U_NORM_142,U_COLL_11,9916.29,2026-01-27 05:51:00,1,collector_inflow
TX_4140,U_NORM_297,U_NORM_336,613.96,2026-01-27 05:56:00,0,normal
TX_5378,U_CRIM_19,U_NORM_414,1699.67,2026-01-27 06:06:00,1,criminal_outflow
TX_3533,U_NORM_56,U_NORM_166,414.56,2026-01-27 06:09:00,0,normal
TX_1059,U_NORM_846,U_NORM_790,410.95,2026-01-27 06:12:00,0,normal
TX_2084,U_NORM_205,U_NORM_269,518.95,2026-01-27 06:12:00,0,normal
TX_3599,U_NORM_581,U_NORM_844,250.44,2026-01-27 06:14:00,0,normal
TX_6505,U_NORM_341,U_COLL_24,7129.42,2026-01-27 06:18:00,1,collector_inflow
TX_3381,U_NORM_634,U_NORM_883,143.99,2026-01-27 06:19:00,0,normal
TX_1142,U_NORM_827,U_NORM_722,461.01,2026-01-27 06:20:00,0,normal
TX_4826,U_NORM_135,U_NORM_50,555.04,2026-01-27 06:34:00,0,normal
TX_4793,U_NORM_136,U_NORM_395,571.74,2026-01-27 06:36:00,0,normal
TX_3672,U_NORM_161,U_NORM_0,209.08,2026-01-27 06:44:00,0,normal
TX_6421,U_NORM_56,U_COLL_20,8859.56,2026-01-27 06:44:00,1,collector_inflow
TX_4557,U_NORM_211,U_NORM_54,650.05,2026-01-27 06:45:00,0,normal
TX_5011,U_CRIM_0,U_NORM_114,679.66,2026-01-27 06:55:00,1,criminal_outflow
TX_6647,U_NORM_165,U_COLL_32,7713.58,2026-01-27 06:59:00,1,collector_inflow
TX_5498,U_CRIM_25,U_NORM_476,1635.34,2026-01-27 07:10:00,1,criminal_outflow
TX_2201,U_NORM_625,U_NORM_897,374.53,2026-01-27 07:14:00,0,normal
TX_5660,U_CRIM_33,U_NORM_8,1126.24,2026-01-27 07:14:00,1,criminal_outflow
TX_287,U_NORM_636,U_NORM_848,169.56,2026-01-27 07:17:00,0,normal
TX_531,U_NORM_226,U_NORM_210,695.57,2026-01-27 07:21:00,0,normal
TX_3539,U_NORM_622,U_NORM_545,60.6,2026-01-27 07:26:00,0,normal
TX_5996,U_NORM_820,U_COLL_0,8768.92,2026-01-27 07:37:00,1,collector_inflow
TX_6830,U_NORM_697,U_COLL_41,8515.46,2026-01-27 07:40:00,1,collector_inflow
TX_1549,U_NORM_723,U_NORM_584,475.7,2026-01-27 07:53:00,0,normal
TX_3232,U_NORM_304,U_NORM_195,507.49,2026-01-27 08:16:00,0,normal
TX_6359,U_NORM_545,U_COLL_17,6379.47,2026-01-27 08:20:00,1,collector_inflow
TX_4471,U_NORM_386,U_NORM_161,500.26,2026-01-27 08:24:00,0,normal
TX_4890,U_NORM_597,U_NORM_547,494.26,2026-01-27 08:29:00,0,normal
TX_4736,U_NORM_589,U_NORM_781,506.71,2026-01-27 08:37:00,0,normal
TX_1373,U_NORM_161,U_NORM_374,737.2,2026-01-27 08:38:00,0,normal
TX_664,U_NORM_293,U_NORM_49,568.8,2026-01-27 08:40:00,0,normal
TX_4125,U_NORM_253,U_NORM_428,119.65,2026-01-27 08:42:00,0,normal
TX_6852,U_NORM_878,U_COLL_42,7342.64,2026-01-27 08:48:00,1,collector_inflow
TX_5010,U_CRIM_0,U_NORM_824,1256.31,2026-01-27 09:03:00,1,criminal_outflow
TX_522,U_NORM_692,U_NORM_689,100.25,2026-01-27 09:22:00,0,normal
TX_1920,U_NORM_238,U_NORM_363,489.29,2026-01-27 09:24:00,0,normal
TX_6502,U_NORM_207,U_COLL_24,8631.37,2026-01-27 09:36:00,1,collector_inflow
TX_5572,U_CRIM_29,U_NORM_360,764.89,2026-01-27 09:42:00,1,criminal_outflow
TX_2214,U_NORM_393,U_NORM_33,179.37,2026-01-27 09:46:00,0,normal
TX_2035,U_NORM_619,U_NORM_830,367.9,2026-01-27 10:00:00,0,normal
TX_3357,U_NORM_504,U_NORM_715,155.78,2026-01-27 10:01:00,0,normal
TX_809,U_NORM_102,U_NORM_65,556.78,2026-01-27 10:06:00,0,normal
TX_24,U_NORM_546,U_NORM_587,443.79,2026-01-27 10:15:00,0,normal
TX_2221,U_NORM_142,U_NORM_269,619.61,2026-01-27 10:26:00,0,normal
TX_4075,U_NORM_570,U_NORM_817,326.65,2026-01-27 10:31:00,0,normal
TX_1093,U_NORM_116,U_NORM_31,275.93,2026-01-27 10:32:00,0,normal
TX_1750,U_NORM_877,U_NORM_831,47.73,2026-01-27 10:33:00,0,normal
TX_1962,U_NORM_625,U_NORM_531,679.5,2026-01-27 10:38:00,0,normal
TX_451,U_NORM_273,U_NORM_409,643.88,2026-01-27 10:39:00,0,normal
TX_535,U_NORM_789,U_NORM_779,310.41,2026-01-27 10:42:00,0,normal
TX_615,U_NORM_38,U_NORM_265,627.81,2026-01-27 10:55:00,0,normal
TX_6290,U_NORM_329,U_COLL_13,8062.32,2026-01-27 10:56:00,1,collector_inflow
TX_6668,U_NORM_746,U_COLL_33,9217.28,2026-01-27 10:59:00,1,collector_inflow
TX_5195,U_CRIM_10,U_NORM_528,892.82,2026-01-27 11:00:00,1,criminal_outflow
TX_4714,U_NORM_378,U_NORM_223,231.08,2026-01-27 11:06:00,0,normal
TX_3088,U_NORM_522,U_NORM_576,423.91,2026-01-27 11:11:00,0,normal
TX_4644,U_NORM_405,U_NORM_336,702.11,2026-01-27 11:13:00,0,normal
TX_2161,U_NORM_877,U_NORM_585,475.78,2026-01-27 11:16:00,0,normal
TX_423,U_NORM_469,U_NORM_812,292.83,2026-01-27 11:18:00,0,normal
TX_6402,U_NORM_8,U_COLL_19,9760.64,2026-01-27 11:22:00,1,collector_inflow
TX_5419,U_CRIM_21,U_NORM_242,1233.66,2026-01-27 11:23:00,1,criminal_outflow
TX_1660,U_NORM_251,U_NORM_168,722.77,2026-01-27 11:25:00,0,normal
TX_1699,U_NORM_191,U_NORM_392,124.24,2026-01-27 11:35:00,0,normal
TX_1953,U_NORM_514,U_NORM_545,797.19,2026-01-27 11:38:00,0,normal
TX_5051,U_CRIM_2,U_NORM_14,1138.16,2026-01-27 11:40:00,1,criminal_outflow
TX_5256,U_CRIM_13,U_NORM_784,1257.28,2026-01-27 11:59:00,1,criminal_outflow
TX_4922,U_NORM_675,U_NORM_496,792.46,2026-01-27 12:01:00,0,normal
TX_1826,U_NORM_288,U_NORM_389,214.9,2026-01-27 12:02:00,0,normal
TX_4992,U_NORM_493,U_NORM_588,718.35,2026-01-27 12:14:00,0,normal
TX_2197,U_NORM_540,U_NORM_645,34.57,2026-01-27 12:14:00,0,normal
TX_167,U_NORM_204,U_NORM_44,319.19,2026-01-27 12:25:00,0,normal
TX_1635,U_NORM_241,U_NORM_386,539.37,2026-01-27 12:36:00,0,normal
TX_3664,U_NORM_710,U_NORM_738,258.89,2026-01-27 12:39:00,0,normal
TX_5069,U_CRIM_3,U_NORM_377,734.89,2026-01-27 12:52:00,1,criminal_outflow
TX_4447,U_NORM_216,U_NORM_253,248.02,2026-01-27 12:54:00,0,normal
TX_6500,U_NORM_290,U_COLL_24,8863.88,2026-01-27 13:05:00,1,collector_inflow
TX_1246,U_NORM_616,U_NORM_890,624.41,2026-01-27 13:15:00,0,normal
TX_5297,U_CRIM_15,U_NORM_397,1058.01,2026-01-27 13:19:00,1,criminal_outflow
TX_4539,U_NORM_389,U_NORM_400,456.61,2026-01-27 13:19:00,0,normal
TX_2859,U_NORM_533,U_NORM_758,615.41,2026-01-27 13:29:00,0,normal
TX_2435,U_NORM_58,U_NORM_104,386.32,2026-01-27 13:31:00,0,normal
TX_714,U_NORM_279,U_NORM_400,724.18,2026-01-27 13:43:00,0,normal
TX_5004,U_CRIM_0,U_NORM_68,705.27,2026-01-27 13:54:00,1,criminal_outflow
TX_4265,U_NORM_76,U_NORM_52,699.43,2026-01-27 13:57:00,0,normal
TX_6998,U_NORM_203,U_COLL_48,9180.97,2026-01-27 14:01:00,1,collector_inflow
TX_2171,U_NORM_833,U_NORM_559,533.78,2026-01-27 14:03:00,0,normal
TX_3768,U_NORM_314,U_NORM_229,140.89,2026-01-27 14:11:00,0,normal
TX_3902,U_NORM_798,U_NORM_809,611.69,2026-01-27 14:12:00,0,normal
TX_2239,U_NORM_556,U_NORM_723,632.68,2026-01-27 14:16:00,0,normal
TX_6307,U_NORM_365,U_COLL_14,6556.14,2026-01-27 14:20:00,1,collector_inflow
TX_367,U_NORM_381,U_NORM_296,195.39,2026-01-27 14:37:00,0,normal
TX_2757,U_NORM_795,U_NORM_558,480.75,2026-01-27 14:37:00,0,normal
TX_5548,U_CRIM_27,U_NORM_519,621.56,2026-01-27 14:41:00,1,criminal_outflow
TX_3126,U_NORM_143,U_NORM_253,354.39,2026-01-27 14:43:00,0,normal
TX_1618,U_NORM_451,U_NORM_491,163.2,2026-01-27 14:52:00,0,normal
TX_3492,U_NORM_563,U_NORM_670,266.84,2026-01-27 15:02:00,0,normal
TX_3809,U_NORM_264,U_NORM_429,727.07,2026-01-27 15:08:00,0,normal
TX_2722,U_NORM_53,U_NORM_27,193.75,2026-01-27 15:08:00,0,normal
TX_3660,U_NORM_499,U_NORM_565,202.38,2026-01-27 15:18:00,0,normal
TX_1558,U_NORM_33,U_NORM_308,497.85,2026-01-27 15:23:00,0,normal
TX_6829,U_NORM_497,U_COLL_41,8037.89,2026-01-27 15:25:00,1,collector_inflow
TX_5468,U_CRIM_23,U_NORM_507,1721.37,2026-01-27 15:25:00,1,criminal_outflow
TX_5950,U_CRIM_47,U_NORM_268,1841.08,2026-01-27 15:26:00,1,criminal_outflow
TX_110,U_NORM_804,U_NORM_815,278.35,2026-01-27 15:47:00,0,normal
TX_5094,U_CRIM_5,U_NORM_687,752.48,2026-01-27 15:59:00,1,criminal_outflow
TX_5246,U_CRIM_12,U_NORM_635,1639.2,2026-01-27 16:00:00,1,criminal_outflow
TX_2312,U_NORM_526,U_NORM_877,589.53,2026-01-27 16:09:00,0,normal
TX_2340,U_NORM_791,U_NORM_615,56.16,2026-01-27 16:14:00,0,normal
TX_5895,U_CRIM_45,U_NORM_577,1683.89,2026-01-27 16:14:00,1,criminal_outflow
TX_637,U_NORM_852,U_NORM_549,177.44,2026-01-27 16:16:00,0,normal
TX_5416,U_CRIM_21,U_NORM_54,1653.33,2026-01-27 16:36:00,1,criminal_outflow
TX_3550,U_NORM_709,U_NORM_535,633.18,2026-01-27 16:43:00,0,normal
TX_5875,U_CRIM_44,U_NORM_799,735.87,2026-01-27 16:49:00,1,criminal_outflow
TX_0,U_NORM_193,U_NORM_204,752.11,2026-01-27 16:51:00,0,normal
TX_4166,U_NORM_668,U_NORM_782,58.52,2026-01-27 16:57:00,0,normal
TX_3452,U_NORM_652,U_NORM_696,13.14,2026-01-27 17:02:00,0,normal
TX_5659,U_CRIM_33,U_NORM_389,1546.2,2026-01-27 17:05:00,1,criminal_outflow
TX_1525,U_NORM_117,U_NORM_233,522.65,2026-01-27 17:08:00,0,normal
TX_3196,U_NORM_564,U_NORM_605,337.14,2026-01-27 17:16:00,0,normal
TX_801,U_NORM_345,U_NORM_84,662.44,2026-01-27 17:19:00,0,normal
TX_6663,U_NORM_715,U_COLL_33,5503.8,2026-01-27 17:33:00,1,collector_inflow
TX_5436,U_CRIM_22,U_NORM_681,1068.25,2026-01-27 18:00:00,1,criminal_outflow
TX_2520,U_NORM_177,U_NORM_242,665.6,2026-01-27 18:03:00,0,normal
TX_3591,U_NORM_734,U_NORM_765,97.1,2026-01-27 18:08:00,0,normal
TX_5696,U_CRIM_35,U_NORM_120,1333.25,2026-01-27 18:22:00,1,criminal_outflow
TX_2453,U_NORM_50,U_NORM_293,153.14,2026-01-27 18:28:00,0,normal
TX_3946,U_NORM_115,U_NORM_374,80.0,2026-01-27 18:43:00,0,normal
TX_5047,U_CRIM_2,U_NORM_65,662.27,2026-01-27 18:44:00,1,criminal_outflow
TX_1133,U_NORM_704,U_NORM_471,294.46,2026-01-27 18:46:00,0,normal
TX_4396,U_NORM_682,U_NORM_773,751.4,2026-01-27 18:47:00,0,normal
TX_403,U_NORM_462,U_NORM_673,297.83,2026-01-27 18:48:00,0,normal
TX_1998,U_NORM_828,U_NORM_897,309.59,2026-01-27 18:55:00,0,normal
TX_2948,U_NORM_157,U_NORM_46,10.46,2026-01-27 18:56:00,0,normal
TX_6680,U_NORM_366,U_COLL_33,5887.27,2026-01-27 18:56:00,1,collector_inflow
TX_6286,U_NORM_122,U_COLL_12,8029.8,2026-01-27 18:58:00,1,collector_inflow
TX_6413,U_NORM_280,U_COLL_20,9354.81,2026-01-27 19:25:00,1,collector_inflow
TX_2269,U_NORM_456,U_NORM_693,471.66,2026-01-27 19:26:00,0,normal
TX_3502,U_NORM_552,U_NORM_580,181.33,2026-01-27 19:34:00,0,normal
TX_5460,U_CRIM_23,U_NORM_385,1289.44,2026-01-27 19:35:00,1,criminal_outflow
TX_4018,U_NORM_164,U_NORM_420,53.06,2026-01-27 19:35:00,0,normal
TX_5633,U_CRIM_31,U_NORM_503,1250.73,2026-01-27 19:36:00,1,criminal_outflow
TX_4717,U_NORM_899,U_NORM_737,193.03,2026-01-27 19:40:00,0,normal
TX_2316,U_NORM_103,U_NORM_15,450.91,2026-01-27 19:42:00,0,normal
TX_5388,U_CRIM_20,U_NORM_650,1903.79,2026-01-27 19:43:00,1,criminal_outflow
TX_4107,U_NORM_401,U_NORM_219,245.38,2026-01-27 19:47:00,0,normal
TX_4364,U_NORM_509,U_NORM_699,248.52,2026-01-27 19:48:00,0,normal
TX_3722,U_NORM_749,U_NORM_706,633.94,2026-01-27 19:48:00,0,normal
TX_6488,U_NORM_264,U_COLL_23,9690.57,2026-01-27 19:49:00,1,collector_inflow
TX_5042,U_CRIM_2,U_NORM_399,1305.81,2026-01-27 19:55:00,1,criminal_outflow
TX_5561,U_CRIM_28,U_NORM_226,790.19,2026-01-27 20:16:00,1,criminal_outflow
TX_3219,U_NORM_351,U_NORM_427,781.09,2026-01-27 20:29:00,0,normal
TX_3448,U_NORM_295,U_NORM_151,477.49,2026-01-27 20:30:00,0,normal
TX_4496,U_NORM_412,U_NORM_103,94.23,2026-01-27 20:31:00,0,normal
TX_6899,U_NORM_796,U_COLL_44,8114.3,2026-01-27 20:39:00,1,collector_inflow
TX_1812,U_NORM_405,U_NORM_261,217.17,2026-01-27 20:39:00,0,normal
TX_6324,U_NORM_855,U_COLL_16,9608.74,2026-01-27 20:39:00,1,collector_inflow
TX_6835,U_NORM_236,U_COLL_41,5521.39,2026-01-27 20:40:00,1,collector_inflow
TX_6147,U_NORM_228,U_COLL_6,7603.3,2026-01-27 20:50:00,1,collector_inflow
TX_1903,U_NORM_688,U_NORM_777,459.61,2026-01-27 20:50:00,0,normal
TX_6425,U_NORM_312,U_COLL_20,9526.59,2026-01-27 20:56:00,1,collector_inflow
TX_5921,U_CRIM_46,U_NORM_612,1206.6,2026-01-27 21:05:00,1,criminal_outflow
TX_5545,U_CRIM_27,U_NORM_268,1475.41,2026-01-27 21:08:00,1,criminal_outflow
TX_6664,U_NORM_277,U_COLL_33,7593.65,2026-01-27 21:19:00,1,collector_inflow
TX_5177,U_CRIM_9,U_NORM_131,1726.35,2026-01-27 21:21:00,1,criminal_outflow
TX_3341,U_NORM_849,U_NORM_641,315.18,2026-01-27 21:22:00,0,normal
TX_3517,U_NORM_219,U_NORM_304,437.62,2026-01-27 21:29:00,0,normal
TX_4151,U_NORM_316,U_NORM_220,147.83,2026-01-27 21:34:00,0,normal
TX_6749,U_NORM_247,U_COLL_37,9931.89,2026-01-27 21:38:00,1,collector_inflow
TX_3592,U_NORM_829,U_NORM_740,180.21,2026-01-27 21:39:00,0,normal
TX_3820,U_NORM_460,U_NORM_810,40.98,2026-01-27 21:45:00,0,normal
TX_6739,U_NORM_857,U_COLL_37,9579.42,2026-01-27 21:46:00,1,collector_inflow
TX_2615,U_NORM_243,U_NORM_165,343.02,2026-01-27 21:56:00,0,normal
TX_5465,U_CRIM_23,U_NORM_275,847.65,2026-01-27 22:02:00,1,criminal_outflow
TX_2058,U_NORM_99,U_NORM_439,641.91,2026-01-27 22:40:00,0,normal
TX_5631,U_CRIM_31,U_NORM_666,1605.4,2026-01-27 22:41:00,1,criminal_outflow
TX_4154,U_NORM_379,U_NORM_302,542.66,2026-01-27 23:08:00,0,normal
TX_5573,U_CRIM_29,U_NORM_476,662.43,2026-01-27 23:17:00,1,criminal_outflow
TX_4713,U_NORM_29,U_NORM_280,296.01,2026-01-27 23:19:00,0,normal
TX_3923,U_NORM_854,U_NORM_759,749.45,2026-01-27 23:23:00,0,normal
TX_4424,U_NORM_623,U_NORM_876,482.55,2026-01-27 23:49:00,0,normal
TX_6092,U_NORM_357,U_COLL_4,7804.37,2026-01-27 23:51:00,1,collector_inflow
TX_5148,U_CRIM_7,U_NORM_349,1723.25,2026-01-27 23:54:00,1,criminal_outflow
TX_663,U_NORM_761,U_NORM_461,337.61,2026-01-27 23:58:00,0,normal
TX_3159,U_NORM_51,U_NORM_106,210.06,2026-01-28 00:04:00,0,normal
TX_5473,U_CRIM_24,U_NORM_820,1053.27,2026-01-28 00:07:00,1,criminal_outflow
TX_5139,U_CRIM_7,U_NORM_156,524.99,2026-01-28 00:10:00,1,criminal_outflow
TX_5687,U_CRIM_34,U_NORM_887,867.52,2026-01-28 00:18:00,1,criminal_outflow
TX_5887,U_CRIM_45,U_NORM_489,1957.11,2026-01-28 00:29:00,1,criminal_outflow
TX_4402,U_NORM_597,U_NORM_774,256.3,2026-01-28 00:38:00,0,normal
TX_4712,U_NORM_346,U_NORM_353,694.58,2026-01-28 00:40:00,0,normal
TX_711,U_NORM_851,U_NORM_859,34.24,2026-01-28 00:45:00,0,normal
TX_4088,U_NORM_530,U_NORM_722,119.2,2026-01-28 00:46:00,0,normal
TX_4474,U_NORM_424,U_NORM_11,31.17,2026-01-28 00:50:00,0,normal
TX_3742,U_NORM_253,U_NORM_298,61.7,2026-01-28 00:58:00,0,normal
TX_2087,U_NORM_684,U_NORM_499,349.42,2026-01-28 00:58:00,0,normal
TX_980,U_NORM_749,U_NORM_719,404.41,2026-01-28 01:11:00,0,normal
TX_3656,U_NORM_219,U_NORM_390,514.44,2026-01-28 01:33:00,0,normal
TX_5975,U_CRIM_49,U_NORM_320,767.88,2026-01-28 01:38:00,1,criminal_outflow
TX_4591,U_NORM_40,U_NORM_74,48.9,2026-01-28 01:43:00,0,normal
TX_2712,U_NORM_355,U_NORM_323,300.08,2026-01-28 01:47:00,0,normal
TX_2787,U_NORM_657,U_NORM_485,208.22,2026-01-28 01:49:00,0,normal
TX_1748,U_NORM_751,U_NORM_487,271.72,2026-01-28 02:00:00,0,normal
TX_6798,U_NORM_864,U_COLL_39,9144.01,2026-01-28 02:06:00,1,collector_inflow
TX_5237,U_CRIM_12,U_NORM_691,1560.23,2026-01-28 02:09:00,1,criminal_outflow
TX_5933,U_CRIM_46,U_NORM_787,932.46,2026-01-28 02:13:00,1,criminal_outflow
TX_3084,U_NORM_614,U_NORM_628,362.52,2026-01-28 02:19:00,0,normal
TX_1254,U_NORM_282,U_NORM_248,191.16,2026-01-28 02:24:00,0,normal
TX_84,U_NORM_214,U_NORM_300,109.11,2026-01-28 02:37:00,0,normal
TX_281,U_NORM_145,U_NORM_253,741.76,2026-01-28 02:56:00,0,normal
TX_2579,U_NORM_775,U_NORM_854,752.38,2026-01-28 03:02:00,0,normal
TX_3951,U_NORM_413,U_NORM_389,740.84,2026-01-28 03:07:00,0,normal
TX_6400,U_NORM_114,U_COLL_19,7942.14,2026-01-28 03:12:00,1,collector_inflow
TX_4093,U_NORM_338,U_NORM_87,355.46,2026-01-28 03:17:00,0,normal
TX_2387,U_NORM_539,U_NORM_647,385.37,2026-01-28 03:19:00,0,normal
TX_454,U_NORM_51,U_NORM_321,332.92,2026-01-28 03:24:00,0,normal
TX_3725,U_NORM_724,U_NORM_478,380.42,2026-01-28 03:27:00,0,normal
TX_5370,U_CRIM_19,U_NORM_153,1535.69,2026-01-28 03:44:00,1,criminal_outflow
TX_2421,U_NORM_419,U_NORM_30,528.92,2026-01-28 03:48:00,0,normal
TX_5323,U_CRIM_16,U_NORM_634,877.59,2026-01-28 03:51:00,1,criminal_outflow
TX_6805,U_NORM_565,U_COLL_40,5498.2,2026-01-28 03:53:00,1,collector_inflow
TX_4349,U_NORM_212,U_NORM_391,637.15,2026-01-28 04:07:00,0,normal
TX_1079,U_NORM_412,U_NORM_255,526.14,2026-01-28 04:07:00,0,normal
TX_2605,U_NORM_399,U_NORM_96,721.78,2026-01-28 04:12:00,0,normal
TX_5067,U_CRIM_3,U_NORM_338,1770.81,2026-01-28 04:12:00,1,criminal_outflow
TX_6982,U_NORM_684,U_COLL_47,5239.35,2026-01-28 04:40:00,1,collector_inflow
TX_5893,U_CRIM_45,U_NORM_418,1622.7,2026-01-28 04:43:00,1,criminal_outflow
TX_6073,U_NORM_467,U_COLL_3,6666.66,2026-01-28 04:44:00,1,collector_inflow
TX_2243,U_NORM_68,U_NORM_337,496.1,2026-01-28 04:52:00,0,normal
TX_6458,U_NORM_367,U_COLL_22,6797.15,2026-01-28 05:01:00,1,collector_inflow
TX_3828,U_NORM_395,U_NORM_63,393.49,2026-01-28 05:04:00,0,normal
TX_1556,U_NORM_487,U_NORM_470,684.18,2026-01-28 05:07:00,0,normal
TX_2213,U_NORM_251,U_NORM_206,573.89,2026-01-28 05:17:00,0,normal
TX_513,U_NORM_719,U_NORM_585,576.85,2026-01-28 05:19:00,0,normal
TX_2765,U_NORM_81,U_NORM_269,137.83,2026-01-28 05:29:00,0,normal
TX_6432,U_NORM_222,U_COLL_20,6385.83,2026-01-28 05:30:00,1,collector_inflow
TX_6617,U_NORM_287,U_COLL_30,9311.47,2026-01-28 05:37:00,1,collector_inflow
TX_3618,U_NORM_760,U_NORM_791,562.57,2026-01-28 05:41:00,0,normal
TX_4765,U_NORM_172,U_NORM_259,266.01,2026-01-28 05:42:00,0,normal
TX_3969,U_NORM_776,U_NORM_580,425.37,2026-01-28 05:45:00,0,normal
TX_856,U_NORM_528,U_NORM_534,574.25,2026-01-28 05:51:00,0,normal
TX_3264,U_NORM_364,U_NORM_284,788.96,2026-01-28 05:52:00,0,normal
TX_6606,U_NORM_727,U_COLL_29,8963.05,2026-01-28 05:54:00,1,collector_inflow
TX_792,U_NORM_437,U_NORM_112,201.97,2026-01-28 05:58:00,0,normal
TX_5815,U_CRIM_41,U_NORM_185,724.19,2026-01-28 06:06:00,1,criminal_outflow
TX_217,U_NORM_788,U_NORM_868,163.54,2026-01-28 06:09:00,0,normal
TX_4911,U_NORM_857,U_NORM_516,271.67,2026-01-28 06:14:00,0,normal
TX_834,U_NORM_861,U_NORM_795,84.71,2026-01-28 06:16:00,0,normal
TX_6409,U_NORM_482,U_COLL_19,9291.19,2026-01-28 06:28:00,1,collector_inflow
TX_4709,U_NORM_537,U_NORM_636,581.4,2026-01-28 06:31:00,0,normal
TX_2004,U_NORM_732,U_NORM_818,730.93,2026-01-28 06:36:00,0,normal
TX_2023,U_NORM_831,U_NORM_865,547.05,2026-01-28 06:41:00,0,normal
TX_4211,U_NORM_726,U_NORM_760,637.4,2026-01-28 06:45:00,0,normal
TX_2288,U_NORM_260,U_NORM_24,687.32,2026-01-28 06:51:00,0,normal
TX_486,U_NORM_562,U_NORM_535,37.91,2026-01-28 06:53:00,0,normal
TX_1594,U_NORM_516,U_NORM_665,23.81,2026-01-28 06:55:00,0,normal
TX_6934,U_NORM_709,U_COLL_45,9242.78,2026-01-28 07:05:00,1,collector_inflow
TX_5642,U_CRIM_32,U_NORM_107,568.33,2026-01-28 07:08:00,1,criminal_outflow
TX_4620,U_NORM_642,U_NORM_686,89.84,2026-01-28 07:20:00,0,normal
TX_4451,U_NORM_34,U_NORM_418,480.49,2026-01-28 07:24:00,0,normal
TX_1934,U_NORM_811,U_NORM_898,252.96,2026-01-28 07:30:00,0,normal
TX_6844,U_NORM_29,U_COLL_41,8559.75,2026-01-28 07:35:00,1,collector_inflow
TX_542,U_NORM_759,U_NORM_620,482.26,2026-01-28 07:39:00,0,normal
TX_5466,U_CRIM_23,U_NORM_771,1302.74,2026-01-28 07:55:00,1,criminal_outflow
TX_6446,U_NORM_445,U_COLL_21,7143.69,2026-01-28 07:58:00,1,collector_inflow
TX_6177,U_NORM_2,U_COLL_7,9244.93,2026-01-28 08:10:00,1,collector_inflow
TX_1794,U_NORM_493,U_NORM_483,654.21,2026-01-28 08:15:00,0,normal
TX_1840,U_NORM_465,U_NORM_453,97.25,2026-01-28 08:19:00,0,normal
TX_5963,U_CRIM_48,U_NORM_18,1877.82,2026-01-28 08:22:00,1,criminal_outflow
TX_3838,U_NORM_543,U_NORM_684,180.6,2026-01-28 08:32:00,0,normal
TX_6698,U_NORM_161,U_COLL_34,8187.25,2026-01-28 08:49:00,1,collector_inflow
TX_1112,U_NORM_516,U_NORM_889,452.22,2026-01-28 08:51:00,0,normal
TX_6629,U_NORM_598,U_COLL_31,5798.05,2026-01-28 08:53:00,1,collector_inflow
TX_5037,U_CRIM_1,U_NORM_808,1795.31,2026-01-28 08:58:00,1,criminal_outflow
TX_122,U_NORM_424,U_NORM_47,353.08,2026-01-28 09:09:00,0,normal
TX_3579,U_NORM_450,U_NORM_653,689.77,2026-01-28 09:12:00,0,normal
TX_4706,U_NORM_160,U_NORM_172,459.62,2026-01-28 09:24:00,0,normal
TX_2142,U_NORM_156,U_NORM_87,85.95,2026-01-28 09:25:00,0,normal
TX_5496,U_CRIM_25,U_NORM_804,1131.68,2026-01-28 09:32:00,1,criminal_outflow
TX_3759,U_NORM_44,U_NORM_64,527.56,2026-01-28 09:35:00,0,normal
TX_2118,U_NORM_522,U_NORM_899,644.96,2026-01-28 09:38:00,0,normal
TX_881,U_NORM_329,U_NORM_335,243.59,2026-01-28 09:51:00,0,normal
TX_3310,U_NORM_2,U_NORM_21,303.27,2026-01-28 09:56:00,0,normal
TX_4850,U_NORM_180,U_NORM_266,206.83,2026-01-28 10:10:00,0,normal
TX_2926,U_NORM_111,U_NORM_202,720.43,2026-01-28 10:18:00,0,normal
TX_2352,U_NORM_541,U_NORM_508,285.1,2026-01-28 10:19:00,0,normal
TX_6592,U_NORM_112,U_COLL_28,8318.25,2026-01-28 10:22:00,1,collector_inflow
TX_6247,U_NORM_229,U_COLL_11,8738.24,2026-01-28 10:24:00,1,collector_inflow
TX_4299,U_NORM_514,U_NORM_713,556.25,2026-01-28 10:27:00,0,normal
TX_9,U_NORM_68,U_NORM_59,799.77,2026-01-28 10:30:00,0,normal
TX_5418,U_CRIM_21,U_NORM_695,957.21,2026-01-28 10:36:00,1,criminal_outflow
TX_381,U_NORM_103,U_NORM_324,495.39,2026-01-28 10:39:00,0,normal
TX_5991,U_NORM_532,U_COLL_0,8760.03,2026-01-28 10:47:00,1,collector_inflow
TX_5748,U_CRIM_36,U_NORM_25,510.81,2026-01-28 10:51:00,1,criminal_outflow
TX_1244,U_NORM_222,U_NORM_269,167.89,2026-01-28 10:56:00,0,normal
TX_5285,U_CRIM_14,U_NORM_16,1354.38,2026-01-28 10:56:00,1,criminal_outflow
TX_5327,U_CRIM_16,U_NORM_474,635.45,2026-01-28 10:57:00,1,criminal_outflow
TX_1776,U_NORM_734,U_NORM_540,132.39,2026-01-28 11:01:00,0,normal
TX_3467,U_NORM_585,U_NORM_465,405.03,2026-01-28 11:02:00,0,normal
TX_6291,U_NORM_710,U_COLL_13,8887.96,2026-01-28 11:06:00,1,collector_inflow
TX_1106,U_NORM_187,U_NORM_435,601.09,2026-01-28 11:06:00,0,normal
TX_3019,U_NORM_540,U_NORM_755,139.21,2026-01-28 11:14:00,0,normal
TX_3940,U_NORM_618,U_NORM_664,716.32,2026-01-28 11:25:00,0,normal
TX_5515,U_CRIM_26,U_NORM_125,1214.85,2026-01-28 11:30:00,1,criminal_outflow
TX_1478,U_NORM_426,U_NORM_96,579.23,2026-01-28 11:31:00,0,normal
TX_4135,U_NORM_800,U_NORM_759,526.13,2026-01-28 11:35:00,0,normal
TX_831,U_NORM_354,U_NORM_104,569.88,2026-01-28 11:52:00,0,normal
TX_5055,U_CRIM_2,U_NORM_182,1153.16,2026-01-28 11:54:00,1,criminal_outflow
TX_5427,U_CRIM_21,U_NORM_519,1747.33,2026-01-28 12:01:00,1,criminal_outflow
TX_209,U_NORM_199,U_NORM_343,521.46,2026-01-28 12:02:00,0,normal
TX_1297,U_NORM_611,U_NORM_615,338.66,2026-01-28 12:05:00,0,normal
TX_49,U_NORM_480,U_NORM_583,605.24,2026-01-28 12:13:00,0,normal
TX_5344,U_CRIM_17,U_NORM_176,756.14,2026-01-28 12:20:00,1,criminal_outflow
TX_4506,U_NORM_324,U_NORM_309,343.04,2026-01-28 12:20:00,0,normal
TX_5358,U_CRIM_19,U_NORM_863,819.67,2026-01-28 12:23:00,1,criminal_outflow
TX_2762,U_NORM_678,U_NORM_487,790.93,2026-01-28 12:25:00,0,normal
TX_3654,U_NORM_102,U_NORM_399,259.75,2026-01-28 12:26:00,0,normal
TX_397,U_NORM_293,U_NORM_155,282.4,2026-01-28 12:28:00,0,normal
TX_4534,U_NORM_311,U_NORM_156,523.22,2026-01-28 12:33:00,0,normal
TX_6996,U_NORM_408,U_COLL_48,6900.6,2026-01-28 12:40:00,1,collector_inflow
TX_3590,U_NORM_559,U_NORM_802,706.7,2026-01-28 12:40:00,0,normal
TX_4426,U_NORM_695,U_NORM_861,640.71,2026-01-28 12:46:00,0,normal
TX_4998,U_NORM_619,U_NORM_606,663.55,2026-01-28 12:52:00,0,normal
TX_4530,U_NORM_87,U_NORM_32,328.78,2026-01-28 12:56:00,0,normal
TX_2133,U_NORM_847,U_NORM_584,767.28,2026-01-28 12:56:00,0,normal
TX_2633,U_NORM_251,U_NORM_121,593.06,2026-01-28 12:56:00,0,normal
TX_1710,U_NORM_699,U_NORM_832,576.24,2026-01-28 13:00:00,0,normal
TX_5259,U_CRIM_13,U_NORM_286,1973.67,2026-01-28 13:01:00,1,criminal_outflow
TX_3866,U_NORM_8,U_NORM_320,113.62,2026-01-28 13:09:00,0,normal
TX_3319,U_NORM_118,U_NORM_342,342.18,2026-01-28 13:10:00,0,normal
TX_4682,U_NORM_869,U_NORM_564,301.29,2026-01-28 13:10:00,0,normal
TX_6583,U_NORM_555,U_COLL_28,5832.96,2026-01-28 13:16:00,1,collector_inflow
TX_1870,U_NORM_554,U_NORM_676,318.93,2026-01-28 13:27:00,0,normal
TX_1918,U_NORM_820,U_NORM_492,66.92,2026-01-28 13:28:00,0,normal
TX_6728,U_NORM_774,U_COLL_37,6461.44,2026-01-28 13:39:00,1,collector_inflow
TX_6276,U_NORM_139,U_COLL_12,5256.67,2026-01-28 13:41:00,1,collector_inflow
TX_5967,U_CRIM_48,U_NORM_860,1394.94,2026-01-28 13:47:00,1,criminal_outflow
TX_2996,U_NORM_748,U_NORM_730,731.01,2026-01-28 14:05:00,0,normal
TX_3718,U_NORM_409,U_NORM_328,726.15,2026-01-28 14:09:00,0,normal
TX_1779,U_NORM_135,U_NORM_221,655.08,2026-01-28 14:11:00,0,normal
TX_6613,U_NORM_472,U_COLL_30,8574.27,2026-01-28 14:16:00,1,collector_inflow
TX_2571,U_NORM_514,U_NORM_450,274.25,2026-01-28 14:21:00,0,normal
TX_3694,U_NORM_445,U_NORM_388,95.34,2026-01-28 14:21:00,0,normal
TX_3631,U_NORM_866,U_NORM_648,291.13,2026-01-28 14:29:00,0,normal
TX_256,U_NORM_782,U_NORM_614,546.36,2026-01-28 14:32:00,0,normal
TX_6026,U_NORM_649,U_COLL_1,5372.05,2026-01-28 14:43:00,1,collector_inflow
TX_5203,U_CRIM_10,U_NORM_756,1035.07,2026-01-28 15:00:00,1,criminal_outflow
TX_5937,U_CRIM_47,U_NORM_266,817.64,2026-01-28 15:03:00,1,criminal_outflow
TX_5733,U_CRIM_36,U_NORM_662,641.8,2026-01-28 15:07:00,1,criminal_outflow
TX_2347,U_NORM_129,U_NORM_205,741.92,2026-01-28 15:07:00,0,normal
TX_4522,U_NORM_756,U_NORM_779,79.87,2026-01-28 15:09:00,0,normal
TX_5690,U_CRIM_34,U_NORM_133,1557.6,2026-01-28 15:18:00,1,criminal_outflow
TX_777,U_NORM_479,U_NORM_882,660.95,2026-01-28 15:19:00,0,normal
TX_3047,U_NORM_772,U_NORM_771,225.22,2026-01-28 15:37:00,0,normal
TX_595,U_NORM_767,U_NORM_522,618.9,2026-01-28 15:39:00,0,normal
TX_6318,U_NORM_79,U_COLL_15,7198.17,2026-01-28 15:52:00,1,collector_inflow
TX_1944,U_NORM_500,U_NORM_484,339.09,2026-01-28 15:53:00,0,normal
TX_6206,U_NORM_892,U_COLL_9,7544.72,2026-01-28 15:57:00,1,collector_inflow
TX_280,U_NORM_375,U_NORM_180,694.2,2026-01-28 16:10:00,0,normal
TX_3896,U_NORM_18,U_NORM_1,593.89,2026-01-28 16:18:00,0,normal
TX_2150,U_NORM_34,U_NORM_297,469.98,2026-01-28 16:23:00,0,normal
TX_4406,U_NORM_391,U_NORM_382,593.88,2026-01-28 16:25:00,0,normal
TX_3587,U_NORM_702,U_NORM_592,717.81,2026-01-28 16:27:00,0,normal
TX_4929,U_NORM_587,U_NORM_832,207.64,2026-01-28 16:28:00,0,normal
TX_233,U_NORM_95,U_NORM_361,594.33,2026-01-28 16:34:00,0,normal
TX_1472,U_NORM_192,U_NORM_320,615.05,2026-01-28 16:48:00,0,normal
TX_6949,U_NORM_433,U_COLL_46,8529.82,2026-01-28 17:03:00,1,collector_inflow
TX_1629,U_NORM_608,U_NORM_736,361.33,2026-01-28 17:19:00,0,normal
TX_751,U_NORM_85,U_NORM_198,81.92,2026-01-28 17:28:00,0,normal
TX_2379,U_NORM_583,U_NORM_813,193.32,2026-01-28 17:30:00,0,normal
TX_6946,U_NORM_440,U_COLL_46,9848.41,2026-01-28 17:31:00,1,collector_inflow
TX_532,U_NORM_358,U_NORM_300,243.47,2026-01-28 17:31:00,0,normal
TX_5673,U_CRIM_33,U_NORM_602,614.03,2026-01-28 17:41:00,1,criminal_outflow
TX_1338,U_NORM_814,U_NORM_835,203.41,2026-01-28 17:42:00,0,normal
TX_1109,U_NORM_360,U_NORM_397,75.02,2026-01-28 17:49:00,0,normal
TX_2823,U_NORM_607,U_NORM_663,141.12,2026-01-28 17:49:00,0,normal
TX_64,U_NORM_344,U_NORM_136,340.7,2026-01-28 18:09:00,0,normal
TX_2522,U_NORM_303,U_NORM_110,65.94,2026-01-28 18:10:00,0,normal
TX_3146,U_NORM_426,U_NORM_134,520.33,2026-01-28 18:16:00,0,normal
TX_6099,U_NORM_246,U_COLL_4,7485.38,2026-01-28 18:19:00,1,collector_inflow
TX_6163,U_NORM_593,U_COLL_7,8437.78,2026-01-28 18:26:00,1,collector_inflow
TX_3675,U_NORM_500,U_NORM_468,492.28,2026-01-28 18:35:00,0,normal
TX_5303,U_CRIM_15,U_NORM_91,968.71,2026-01-28 18:51:00,1,criminal_outflow
TX_103,U_NORM_140,U_NORM_159,48.28,2026-01-28 18:58:00,0,normal
TX_6472,U_NORM_554,U_COLL_23,5744.08,2026-01-28 19:01:00,1,collector_inflow
TX_1087,U_NORM_65,U_NORM_336,43.11,2026-01-28 19:07:00,0,normal
TX_4938,U_NORM_174,U_NORM_360,441.99,2026-01-28 19:15:00,0,normal
TX_2794,U_NORM_607,U_NORM_667,506.0,2026-01-28 19:16:00,0,normal
TX_5768,U_CRIM_38,U_NORM_242,518.72,2026-01-28 19:23:00,1,criminal_outflow
TX_2461,U_NORM_677,U_NORM_509,204.17,2026-01-28 19:32:00,0,normal
TX_4272,U_NORM_461,U_NORM_762,344.81,2026-01-28 19:45:00,0,normal
TX_2351,U_NORM_113,U_NORM_36,22.13,2026-01-28 19:46:00,0,normal
TX_3240,U_NORM_792,U_NORM_464,63.56,2026-01-28 19:52:00,0,normal
TX_2512,U_NORM_658,U_NORM_667,717.63,2026-01-28 20:00:00,0,normal
TX_6043,U_NORM_501,U_COLL_2,6016.27,2026-01-28 20:01:00,1,collector_inflow
TX_3267,U_NORM_287,U_NORM_159,211.42,2026-01-28 20:10:00,0,normal
TX_2945,U_NORM_311,U_NORM_305,415.04,2026-01-28 20:26:00,0,normal
TX_3983,U_NORM_714,U_NORM_457,458.68,2026-01-28 20:32:00,0,normal
TX_4721,U_NORM_706,U_NORM_725,367.03,2026-01-28 20:34:00,0,normal
TX_3162,U_NORM_781,U_NORM_872,47.29,2026-01-28 21:00:00,0,normal
TX_4148,U_NORM_36,U_NORM_151,445.66,2026-01-28 21:25:00,0,normal
TX_2279,U_NORM_80,U_NORM_227,173.75,2026-01-28 21:29:00,0,normal
TX_5931,U_CRIM_46,U_NORM_442,943.79,2026-01-28 21:30:00,1,criminal_outflow
TX_5241,U_CRIM_12,U_NORM_506,795.82,2026-01-28 21:51:00,1,criminal_outflow
TX_3667,U_NORM_242,U_NORM_155,86.85,2026-01-28 21:52:00,0,normal
TX_3524,U_NORM_367,U_NORM_449,641.18,2026-01-28 21:58:00,0,normal
TX_3272,U_NORM_635,U_NORM_451,16.57,2026-01-28 21:58:00,0,normal
TX_6258,U_NORM_715,U_COLL_11,6632.47,2026-01-28 21:59:00,1,collector_inflow
TX_2410,U_NORM_840,U_NORM_473,144.72,2026-01-28 22:15:00,0,normal
TX_4598,U_NORM_778,U_NORM_728,225.97,2026-01-28 22:15:00,0,normal
TX_803,U_NORM_189,U_NORM_16,232.76,2026-01-28 22:16:00,0,normal
TX_5606,U_CRIM_30,U_NORM_259,1702.38,2026-01-28 22:24:00,1,criminal_outflow
TX_5093,U_CRIM_5,U_NORM_133,753.76,2026-01-28 22:31:00,1,criminal_outflow
TX_6159,U_NORM_478,U_COLL_7,5724.23,2026-01-28 22:32:00,1,collector_inflow
TX_3774,U_NORM_569,U_NORM_492,320.46,2026-01-28 22:43:00,0,normal
TX_3010,U_NORM_265,U_NORM_395,97.46,2026-01-28 22:45:00,0,normal
TX_5552,U_CRIM_28,U_NORM_191,1457.98,2026-01-28 22:46:00,1,criminal_outflow
TX_4235,U_NORM_500,U_NORM_617,691.71,2026-01-28 22:54:00,0,normal
TX_2873,U_NORM_883,U_NORM_859,223.56,2026-01-28 22:55:00,0,normal
TX_3640,U_NORM_457,U_NORM_813,100.39,2026-01-28 23:02:00,0,normal
TX_3060,U_NORM_568,U_NORM_561,614.34,2026-01-28 23:17:00,0,normal
TX_3351,U_NORM_713,U_NORM_646,719.45,2026-01-28 23:35:00,0,normal
TX_2531,U_NORM_619,U_NORM_639,102.66,2026-01-28 23:48:00,0,normal
TX_1498,U_NORM_157,U_NORM_274,7.83,2026-01-28 23:51:00,0,normal
TX_4654,U_NORM_711,U_NORM_611,708.72,2026-01-29 00:00:00,0,normal
TX_185,U_NORM_708,U_NORM_768,510.29,2026-01-29 00:05:00,0,normal
TX_837,U_NORM_655,U_NORM_769,477.92,2026-01-29 00:06:00,0,normal
TX_867,U_NORM_723,U_NORM_735,168.0,2026-01-29 00:14:00,0,normal
TX_639,U_NORM_388,U_NORM_345,576.74,2026-01-29 00:18:00,0,normal
TX_4681,U_NORM_204,U_NORM_203,163.88,2026-01-29 00:27:00,0,normal
TX_183,U_NORM_623,U_NORM_706,653.85,2026-01-29 00:27:00,0,normal
TX_89,U_NORM_334,U_NORM_216,172.15,2026-01-29 00:29:00,0,normal
TX_3087,U_NORM_377,U_NORM_186,619.15,2026-01-29 00:38:00,0,normal
TX_5286,U_CRIM_14,U_NORM_258,785.51,2026-01-29 00:47:00,1,criminal_outflow
TX_765,U_NORM_887,U_NORM_845,235.09,2026-01-29 00:47:00,0,normal
TX_2231,U_NORM_167,U_NORM_187,292.24,2026-01-29 00:52:00,0,normal
TX_3575,U_NORM_363,U_NORM_223,110.33,2026-01-29 00:55:00,0,normal
TX_383,U_NORM_301,U_NORM_202,201.19,2026-01-29 01:02:00,0,normal
TX_6428,U_NORM_668,U_COLL_20,8074.73,2026-01-29 01:06:00,1,collector_inflow
TX_2987,U_NORM_508,U_NORM_545,360.65,2026-01-29 01:13:00,0,normal
TX_6303,U_NORM_773,U_COLL_14,5863.57,2026-01-29 01:13:00,1,collector_inflow
TX_5,U_NORM_173,U_NORM_113,654.63,2026-01-29 01:18:00,0,normal
TX_1638,U_NORM_420,U_NORM_278,153.41,2026-01-29 01:32:00,0,normal
TX_533,U_NORM_539,U_NORM_721,445.27,2026-01-29 01:34:00,0,normal
TX_5061,U_CRIM_3,U_NORM_623,1734.34,2026-01-29 01:40:00,1,criminal_outflow
TX_3555,U_NORM_341,U_NORM_371,399.07,2026-01-29 01:48:00,0,normal
TX_1150,U_NORM_371,U_NORM_36,247.16,2026-01-29 02:02:00,0,normal
TX_6658,U_NORM_597,U_COLL_32,8952.03,2026-01-29 02:11:00,1,collector_inflow
TX_593,U_NORM_662,U_NORM_879,451.33,2026-01-29 02:14:00,0,normal
TX_5134,U_CRIM_7,U_NORM_515,1465.18,2026-01-29 02:17:00,1,criminal_outflow
TX_4680,U_NORM_461,U_NORM_592,774.14,2026-01-29 02:18:00,0,normal
TX_1276,U_NORM_316,U_NORM_63,588.17,2026-01-29 02:22:00,0,normal
TX_6270,U_NORM_208,U_COLL_12,8316.73,2026-01-29 02:28:00,1,collector_inflow
TX_1708,U_NORM_334,U_NORM_188,347.46,2026-01-29 02:29:00,0,normal
TX_3610,U_NORM_831,U_NORM_874,405.02,2026-01-29 02:29:00,0,normal
TX_3141,U_NORM_242,U_NORM_241,203.44,2026-01-29 02:30:00,0,normal
TX_1169,U_NORM_876,U_NORM_450,618.32,2026-01-29 02:32:00,0,normal
TX_6193,U_NORM_825,U_COLL_8,8680.0,2026-01-29 02:50:00,1,collector_inflow
TX_942,U_NORM_89,U_NORM_75,746.64,2026-01-29 03:07:00,0,normal
TX_229,U_NORM_810,U_NORM_559,778.49,2026-01-29 03:20:00,0,normal
TX_1651,U_NORM_130,U_NORM_18,671.46,2026-01-29 03:29:00,0,normal
TX_5556,U_CRIM_28,U_NORM_293,858.98,2026-01-29 03:30:00,1,criminal_outflow
TX_895,U_NORM_719,U_NORM_624,292.24,2026-01-29 03:31:00,0,normal
TX_1621,U_NORM_197,U_NORM_307,309.65,2026-01-29 03:33:00,0,normal
TX_1335,U_NORM_351,U_NORM_168,640.85,2026-01-29 03:33:00,0,normal
TX_931,U_NORM_804,U_NORM_657,250.04,2026-01-29 03:47:00,0,normal
TX_5774,U_CRIM_38,U_NORM_772,1455.81,2026-01-29 03:47:00,1,criminal_outflow
TX_5587,U_CRIM_29,U_NORM_457,1865.42,2026-01-29 03:50:00,1,criminal_outflow
TX_2010,U_NORM_136,U_NORM_154,480.79,2026-01-29 03:53:00,0,normal
TX_3145,U_NORM_336,U_NORM_30,139.19,2026-01-29 03:56:00,0,normal
TX_4422,U_NORM_751,U_NORM_867,530.42,2026-01-29 03:56:00,0,normal
TX_3203,U_NORM_792,U_NORM_462,464.64,2026-01-29 04:00:00,0,normal
TX_1585,U_NORM_236,U_NORM_204,105.03,2026-01-29 04:04:00,0,normal
TX_2759,U_NORM_720,U_NORM_535,384.72,2026-01-29 04:15:00,0,normal
TX_2600,U_NORM_296,U_NORM_45,281.04,2026-01-29 04:16:00,0,normal
TX_295,U_NORM_517,U_NORM_646,726.12,2026-01-29 04:19:00,0,normal
TX_4411,U_NORM_238,U_NORM_94,260.38,2026-01-29 04:31:00,0,normal
TX_1070,U_NORM_863,U_NORM_482,446.98,2026-01-29 04:43:00,0,normal
TX_3572,U_NORM_505,U_NORM_850,97.34,2026-01-29 04:45:00,0,normal
TX_345,U_NORM_437,U_NORM_320,231.94,2026-01-29 04:47:00,0,normal
TX_1968,U_NORM_873,U_NORM_784,326.24,2026-01-29 04:50:00,0,normal
TX_3719,U_NORM_691,U_NORM_542,294.89,2026-01-29 04:52:00,0,normal
TX_3243,U_NORM_132,U_NORM_323,324.97,2026-01-29 04:59:00,0,normal
TX_495,U_NORM_742,U_NORM_602,322.55,2026-01-29 05:11:00,0,normal
TX_577,U_NORM_382,U_NORM_221,6.37,2026-01-29 05:21:00,0,normal
TX_1564,U_NORM_754,U_NORM_499,202.4,2026-01-29 05:32:00,0,normal
TX_2790,U_NORM_257,U_NORM_438,601.23,2026-01-29 05:35:00,0,normal
TX_4855,U_NORM_341,U_NORM_405,455.96,2026-01-29 05:40:00,0,normal
TX_434,U_NORM_514,U_NORM_516,339.83,2026-01-29 05:48:00,0,normal
TX_3885,U_NORM_44,U_NORM_115,723.46,2026-01-29 05:59:00,0,normal
TX_18,U_NORM_333,U_NORM_173,205.59,2026-01-29 06:01:00,0,normal
TX_6001,U_NORM_887,U_COLL_0,9316.46,2026-01-29 06:02:00,1,collector_inflow
TX_4728,U_NORM_812,U_NORM_774,473.45,2026-01-29 06:02:00,0,normal
TX_413,U_NORM_103,U_NORM_85,213.86,2026-01-29 06:04:00,0,normal
TX_812,U_NORM_705,U_NORM_665,701.49,2026-01-29 06:07:00,0,normal
TX_286,U_NORM_339,U_NORM_300,789.02,2026-01-29 06:08:00,0,normal
TX_480,U_NORM_756,U_NORM_780,117.2,2026-01-29 06:09:00,0,normal
TX_2094,U_NORM_66,U_NORM_11,346.13,2026-01-29 06:11:00,0,normal
TX_5167,U_CRIM_8,U_NORM_201,926.47,2026-01-29 06:13:00,1,criminal_outflow
TX_478,U_NORM_193,U_NORM_431,44.36,2026-01-29 06:22:00,0,normal
TX_904,U_NORM_192,U_NORM_194,221.47,2026-01-29 06:26:00,0,normal
TX_5499,U_CRIM_25,U_NORM_834,1949.89,2026-01-29 06:26:00,1,criminal_outflow
TX_2754,U_NORM_260,U_NORM_328,771.35,2026-01-29 06:27:00,0,normal
TX_4332,U_NORM_355,U_NORM_345,81.89,2026-01-29 06:35:00,0,normal
TX_4868,U_NORM_287,U_NORM_195,370.35,2026-01-29 06:37:00,0,normal
TX_5953,U_CRIM_47,U_NORM_739,1172.01,2026-01-29 06:50:00,1,criminal_outflow
TX_4856,U_NORM_264,U_NORM_34,15.45,2026-01-29 07:01:00,0,normal
TX_2206,U_NORM_268,U_NORM_137,610.75,2026-01-29 07:07:00,0,normal
TX_1809,U_NORM_675,U_NORM_801,651.92,2026-01-29 07:09:00,0,normal
TX_5150,U_CRIM_7,U_NORM_545,1354.34,2026-01-29 07:16:00,1,criminal_outflow
TX_6897,U_NORM_235,U_COLL_44,7744.04,2026-01-29 07:16:00,1,collector_inflow
TX_3032,U_NORM_362,U_NORM_413,786.37,2026-01-29 07:24:00,0,normal
TX_6166,U_NORM_685,U_COLL_7,5022.27,2026-01-29 07:32:00,1,collector_inflow
TX_5844,U_CRIM_42,U_NORM_463,811.23,2026-01-29 07:37:00,1,criminal_outflow
TX_5869,U_CRIM_43,U_NORM_625,1746.01,2026-01-29 07:44:00,1,criminal_outflow
TX_6555,U_NORM_549,U_COLL_26,6691.57,2026-01-29 07:59:00,1,collector_inflow
TX_2882,U_NORM_391,U_NORM_5,591.14,2026-01-29 08:00:00,0,normal
TX_6890,U_NORM_8,U_COLL_43,7609.52,2026-01-29 08:16:00,1,collector_inflow
TX_6737,U_NORM_420,U_COLL_37,8315.71,2026-01-29 08:26:00,1,collector_inflow
TX_4179,U_NORM_578,U_NORM_665,285.94,2026-01-29 08:27:00,0,normal
TX_6111,U_NORM_259,U_COLL_5,8894.18,2026-01-29 08:44:00,1,collector_inflow
TX_749,U_NORM_315,U_NORM_353,208.32,2026-01-29 08:44:00,0,normal
TX_5849,U_CRIM_42,U_NORM_474,980.55,2026-01-29 08:46:00,1,criminal_outflow
TX_176,U_NORM_504,U_NORM_756,86.9,2026-01-29 08:52:00,0,normal
TX_5762,U_CRIM_37,U_NORM_867,729.62,2026-01-29 09:03:00,1,criminal_outflow
TX_783,U_NORM_557,U_NORM_763,733.79,2026-01-29 09:04:00,0,normal
TX_4240,U_NORM_781,U_NORM_510,16.47,2026-01-29 09:14:00,0,normal
TX_450,U_NORM_315,U_NORM_394,740.77,2026-01-29 09:18:00,0,normal
TX_4415,U_NORM_824,U_NORM_896,477.04,2026-01-29 09:20:00,0,normal
TX_4928,U_NORM_106,U_NORM_262,591.82,2026-01-29 09:28:00,0,normal
TX_6585,U_NORM_549,U_COLL_28,5883.98,2026-01-29 09:29:00,1,collector_inflow
TX_2164,U_NORM_594,U_NORM_569,403.94,2026-01-29 09:37:00,0,normal
TX_5422,U_CRIM_21,U_NORM_100,1485.84,2026-01-29 09:42:00,1,criminal_outflow
TX_2482,U_NORM_864,U_NORM_714,437.38,2026-01-29 09:44:00,0,normal
TX_1868,U_NORM_103,U_NORM_345,209.82,2026-01-29 09:47:00,0,normal
TX_4693,U_NORM_199,U_NORM_350,170.35,2026-01-29 09:51:00,0,normal
TX_4457,U_NORM_652,U_NORM_826,620.43,2026-01-29 10:02:00,0,normal
TX_3556,U_NORM_866,U_NORM_864,106.75,2026-01-29 10:02:00,0,normal
TX_5147,U_CRIM_7,U_NORM_14,1422.04,2026-01-29 10:02:00,1,criminal_outflow
TX_922,U_NORM_78,U_NORM_288,728.96,2026-01-29 10:08:00,0,normal
TX_1694,U_NORM_214,U_NORM_368,557.42,2026-01-29 10:10:00,0,normal
TX_2628,U_NORM_533,U_NORM_672,363.08,2026-01-29 10:11:00,0,normal
TX_5765,U_CRIM_37,U_NORM_806,628.5,2026-01-29 10:12:00,1,criminal_outflow
TX_2460,U_NORM_637,U_NORM_463,637.53,2026-01-29 10:21:00,0,normal
TX_1831,U_NORM_36,U_NORM_356,569.39,2026-01-29 10:24:00,0,normal
TX_2028,U_NORM_296,U_NORM_368,750.71,2026-01-29 10:31:00,0,normal
TX_4472,U_NORM_741,U_NORM_730,252.92,2026-01-29 10:48:00,0,normal
TX_2139,U_NORM_314,U_NORM_176,388.45,2026-01-29 10:56:00,0,normal
TX_6582,U_NORM_693,U_COLL_28,5833.24,2026-01-29 10:59:00,1,collector_inflow
TX_5478,U_CRIM_24,U_NORM_266,1006.91,2026-01-29 11:06:00,1,criminal_outflow
TX_970,U_NORM_792,U_NORM_716,500.27,2026-01-29 11:16:00,0,normal
TX_4802,U_NORM_304,U_NORM_173,79.18,2026-01-29 11:27:00,0,normal
TX_3689,U_NORM_523,U_NORM_832,294.72,2026-01-29 11:27:00,0,normal
TX_1367,U_NORM_532,U_NORM_754,257.1,2026-01-29 11:28:00,0,normal
TX_940,U_NORM_523,U_NORM_831,692.87,2026-01-29 11:28:00,0,normal
TX_5076,U_CRIM_4,U_NORM_98,865.34,2026-01-29 11:33:00,1,criminal_outflow
TX_558,U_NORM_550,U_NORM_761,610.58,2026-01-29 11:34:00,0,normal
TX_4814,U_NORM_163,U_NORM_73,371.43,2026-01-29 11:36:00,0,normal
TX_2683,U_NORM_160,U_NORM_5,112.57,2026-01-29 11:49:00,0,normal
TX_2799,U_NORM_74,U_NORM_274,725.81,2026-01-29 11:50:00,0,normal
TX_4659,U_NORM_219,U_NORM_14,351.69,2026-01-29 11:52:00,0,normal
TX_2609,U_NORM_541,U_NORM_459,268.5,2026-01-29 12:01:00,0,normal
TX_1761,U_NORM_483,U_NORM_799,353.88,2026-01-29 12:02:00,0,normal
TX_1380,U_NORM_478,U_NORM_653,256.02,2026-01-29 12:07:00,0,normal
TX_698,U_NORM_79,U_NORM_382,643.4,2026-01-29 12:12:00,0,normal
TX_4165,U_NORM_347,U_NORM_91,574.06,2026-01-29 12:14:00,0,normal
TX_4623,U_NORM_860,U_NORM_588,282.68,2026-01-29 12:16:00,0,normal
TX_2399,U_NORM_12,U_NORM_169,506.05,2026-01-29 12:18:00,0,normal
TX_6786,U_NORM_644,U_COLL_39,9740.53,2026-01-29 12:18:00,1,collector_inflow
TX_1863,U_NORM_76,U_NORM_200,671.71,2026-01-29 12:19:00,0,normal
TX_3292,U_NORM_342,U_NORM_10,524.02,2026-01-29 12:39:00,0,normal
TX_6482,U_NORM_557,U_COLL_23,9186.89,2026-01-29 12:53:00,1,collector_inflow
TX_4940,U_NORM_378,U_NORM_199,113.4,2026-01-29 12:55:00,0,normal
TX_1536,U_NORM_660,U_NORM_737,516.09,2026-01-29 12:57:00,0,normal
TX_1248,U_NORM_849,U_NORM_768,502.59,2026-01-29 12:58:00,0,normal
TX_4577,U_NORM_117,U_NORM_145,613.28,2026-01-29 12:59:00,0,normal
TX_6345,U_NORM_90,U_COLL_16,5712.11,2026-01-29 13:05:00,1,collector_inflow
TX_4244,U_NORM_119,U_NORM_134,579.91,2026-01-29 13:10:00,0,normal
TX_2258,U_NORM_734,U_NORM_733,143.8,2026-01-29 13:11:00,0,normal
TX_1275,U_NORM_542,U_NORM_772,565.04,2026-01-29 13:12:00,0,normal
TX_6861,U_NORM_69,U_COLL_42,7576.08,2026-01-29 13:13:00,1,collector_inflow
TX_5704,U_CRIM_35,U_NORM_801,1607.32,2026-01-29 13:19:00,1,criminal_outflow
TX_1783,U_NORM_308,U_NORM_106,39.52,2026-01-29 13:39:00,0,normal
TX_1678,U_NORM_443,U_NORM_168,434.05,2026-01-29 13:40:00,0,normal
TX_3623,U_NORM_714,U_NORM_848,327.3,2026-01-29 13:46:00,0,normal
TX_983,U_NORM_504,U_NORM_882,209.38,2026-01-29 13:49:00,0,normal
TX_1405,U_NORM_812,U_NORM_527,787.82,2026-01-29 14:02:00,0,normal
TX_2080,U_NORM_163,U_NORM_351,603.61,2026-01-29 14:04:00,0,normal
TX_2584,U_NORM_739,U_NORM_601,434.44,2026-01-29 14:06:00,0,normal
TX_6605,U_NORM_728,U_COLL_29,9933.96,2026-01-29 14:07:00,1,collector_inflow
TX_2932,U_NORM_728,U_NORM_809,486.94,2026-01-29 14:18:00,0,normal
TX_2431,U_NORM_552,U_NORM_515,33.05,2026-01-29 14:22:00,0,normal
TX_3186,U_NORM_760,U_NORM_827,118.56,2026-01-29 14:25:00,0,normal
TX_5692,U_CRIM_34,U_NORM_408,1069.31,2026-01-29 14:42:00,1,criminal_outflow
TX_1209,U_NORM_297,U_NORM_314,759.61,2026-01-29 14:52:00,0,normal
TX_6238,U_NORM_790,U_COLL_10,8539.61,2026-01-29 14:52:00,1,collector_inflow
TX_5649,U_CRIM_32,U_NORM_321,1765.59,2026-01-29 15:01:00,1,criminal_outflow
TX_678,U_NORM_169,U_NORM_356,426.45,2026-01-29 15:11:00,0,normal
TX_6410,U_NORM_402,U_COLL_19,5114.27,2026-01-29 15:16:00,1,collector_inflow
TX_1006,U_NORM_115,U_NORM_171,430.94,2026-01-29 15:26:00,0,normal
TX_4632,U_NORM_180,U_NORM_126,628.21,2026-01-29 15:28:00,0,normal
TX_5486,U_CRIM_24,U_NORM_60,520.94,2026-01-29 15:29:00,1,criminal_outflow
TX_6325,U_NORM_15,U_COLL_16,9339.42,2026-01-29 15:30:00,1,collector_inflow
TX_2439,U_NORM_18,U_NORM_53,213.44,2026-01-29 15:31:00,0,normal
TX_6271,U_NORM_429,U_COLL_12,5848.83,2026-01-29 15:35:00,1,collector_inflow
TX_5853,U_CRIM_42,U_NORM_636,1939.28,2026-01-29 15:39:00,1,criminal_outflow
TX_440,U_NORM_270,U_NORM_93,204.43,2026-01-29 15:50:00,0,normal
TX_5613,U_CRIM_30,U_NORM_586,1026.97,2026-01-29 16:12:00,1,criminal_outflow
TX_2964,U_NORM_736,U_NORM_537,348.69,2026-01-29 16:13:00,0,normal
TX_1644,U_NORM_442,U_NORM_264,567.0,2026-01-29 16:16:00,0,normal
TX_76,U_NORM_501,U_NORM_691,514.94,2026-01-29 16:17:00,0,normal
TX_3276,U_NORM_518,U_NORM_676,517.67,2026-01-29 16:30:00,0,normal
TX_6443,U_NORM_142,U_COLL_21,7884.88,2026-01-29 16:32:00,1,collector_inflow
TX_2003,U_NORM_156,U_NORM_435,256.05,2026-01-29 16:34:00,0,normal
TX_6523,U_NORM_549,U_COLL_25,9412.88,2026-01-29 16:36:00,1,collector_inflow
TX_6342,U_NORM_292,U_COLL_16,8747.68,2026-01-29 16:37:00,1,collector_inflow
TX_5983,U_CRIM_49,U_NORM_180,1801.52,2026-01-29 16:44:00,1,criminal_outflow
TX_7057,U_NORM_157,U_NORM_771,94.4,2026-01-29 16:51:00,0,bridge
TX_1514,U_NORM_611,U_NORM_460,102.49,2026-01-29 16:53:00,0,normal
TX_3392,U_NORM_271,U_NORM_355,607.24,2026-01-29 16:56:00,0,normal
TX_69,U_NORM_541,U_NORM_816,217.51,2026-01-29 17:00:00,0,normal
TX_1381,U_NORM_190,U_NORM_249,25.49,2026-01-29 17:02:00,0,normal
TX_2200,U_NORM_252,U_NORM_56,315.31,2026-01-29 17:09:00,0,normal
TX_5524,U_CRIM_26,U_NORM_365,1686.99,2026-01-29 17:10:00,1,criminal_outflow
TX_6933,U_NORM_538,U_COLL_45,9259.09,2026-01-29 17:21:00,1,collector_inflow
TX_4748,U_NORM_867,U_NORM_871,121.79,2026-01-29 17:21:00,0,normal
TX_3399,U_NORM_756,U_NORM_817,597.04,2026-01-29 17:30:00,0,normal
TX_65,U_NORM_447,U_NORM_428,257.47,2026-01-29 17:37:00,0,normal
TX_2973,U_NORM_136,U_NORM_431,219.28,2026-01-29 17:41:00,0,normal
TX_6437,U_NORM_178,U_COLL_21,8567.65,2026-01-29 17:43:00,1,collector_inflow
TX_3756,U_NORM_35,U_NORM_330,318.22,2026-01-29 17:44:00,0,normal
TX_4871,U_NORM_370,U_NORM_26,180.09,2026-01-29 17:45:00,0,normal
TX_6535,U_NORM_895,U_COLL_25,9001.5,2026-01-29 18:11:00,1,collector_inflow
TX_2553,U_NORM_568,U_NORM_572,137.35,2026-01-29 18:14:00,0,normal
TX_4685,U_NORM_739,U_NORM_450,311.43,2026-01-29 18:34:00,0,normal
TX_2114,U_NORM_6,U_NORM_72,728.6,2026-01-29 18:42:00,0,normal
TX_6346,U_NORM_380,U_COLL_17,6144.74,2026-01-29 18:47:00,1,collector_inflow
TX_4628,U_NORM_684,U_NORM_492,315.54,2026-01-29 19:00:00,0,normal
TX_3288,U_NORM_283,U_NORM_357,277.38,2026-01-29 19:20:00,0,normal
TX_5517,U_CRIM_26,U_NORM_862,1660.95,2026-01-29 19:22:00,1,criminal_outflow
TX_747,U_NORM_440,U_NORM_109,571.05,2026-01-29 19:36:00,0,normal
TX_2535,U_NORM_344,U_NORM_265,729.06,2026-01-29 19:55:00,0,normal
TX_3405,U_NORM_877,U_NORM_760,750.26,2026-01-29 19:56:00,0,normal
TX_1218,U_NORM_257,U_NORM_74,544.96,2026-01-29 20:10:00,0,normal
TX_2276,U_NORM_158,U_NORM_255,780.31,2026-01-29 20:26:00,0,normal
TX_2640,U_NORM_198,U_NORM_104,340.81,2026-01-29 20:36:00,0,normal
TX_6748,U_NORM_371,U_COLL_37,9597.62,2026-01-29 20:45:00,1,collector_inflow
TX_6803,U_NORM_202,U_COLL_40,6816.61,2026-01-29 20:50:00,1,collector_inflow
TX_4027,U_NORM_169,U_NORM_98,282.72,2026-01-29 20:51:00,0,normal
TX_3354,U_NORM_699,U_NORM_858,467.02,2026-01-29 20:55:00,0,normal
TX_5793,U_CRIM_40,U_NORM_756,1378.55,2026-01-29 21:10:00,1,criminal_outflow
TX_4000,U_NORM_529,U_NORM_802,218.24,2026-01-29 21:10:00,0,normal
TX_3636,U_NORM_494,U_NORM_738,762.35,2026-01-29 21:10:00,0,normal
TX_5405,U_CRIM_21,U_NORM_207,1520.51,2026-01-29 21:17:00,1,criminal_outflow
TX_5338,U_CRIM_17,U_NORM_1,711.52,2026-01-29 21:24:00,1,criminal_outflow
TX_5961,U_CRIM_48,U_NORM_22,811.29,2026-01-29 21:43:00,1,criminal_outflow
TX_6148,U_NORM_774,U_COLL_7,5227.16,2026-01-29 21:52:00,1,collector_inflow
TX_6476,U_NORM_383,U_COLL_23,6184.55,2026-01-29 22:04:00,1,collector_inflow
TX_553,U_NORM_650,U_NORM_802,188.35,2026-01-29 22:07:00,0,normal
TX_4420,U_NORM_71,U_NORM_392,71.63,2026-01-29 22:32:00,0,normal
TX_3644,U_NORM_496,U_NORM_658,439.4,2026-01-29 22:43:00,0,normal
TX_2914,U_NORM_221,U_NORM_216,736.63,2026-01-29 22:45:00,0,normal
TX_2595,U_NORM_626,U_NORM_458,610.78,2026-01-29 22:50:00,0,normal
TX_2597,U_NORM_607,U_NORM_709,347.54,2026-01-29 22:54:00,0,normal
TX_116,U_NORM_661,U_NORM_838,300.49,2026-01-29 22:57:00,0,normal
TX_4004,U_NORM_755,U_NORM_697,359.46,2026-01-29 23:03:00,0,normal
TX_5054,U_CRIM_2,U_NORM_306,1917.12,2026-01-29 23:08:00,1,criminal_outflow
TX_5350,U_CRIM_18,U_NORM_144,1428.1,2026-01-29 23:14:00,1,criminal_outflow
TX_2761,U_NORM_128,U_NORM_374,199.41,2026-01-29 23:14:00,0,normal
TX_2109,U_NORM_614,U_NORM_896,753.21,2026-01-29 23:27:00,0,normal
TX_5471,U_CRIM_24,U_NORM_469,1611.89,2026-01-29 23:43:00,1,criminal_outflow
TX_4091,U_NORM_514,U_NORM_484,484.91,2026-01-30 00:02:00,0,normal
TX_5764,U_CRIM_37,U_NORM_319,625.29,2026-01-30 00:04:00,1,criminal_outflow
TX_2383,U_NORM_109,U_NORM_10,66.71,2026-01-30 00:07:00,0,normal
TX_2141,U_NORM_607,U_NORM_873,381.07,2026-01-30 00:08:00,0,normal
TX_3927,U_NORM_287,U_NORM_398,760.93,2026-01-30 00:09:00,0,normal
TX_195,U_NORM_143,U_NORM_295,165.14,2026-01-30 00:10:00,0,normal
TX_4588,U_NORM_471,U_NORM_475,705.51,2026-01-30 00:11:00,0,normal
TX_2616,U_NORM_47,U_NORM_206,408.54,2026-01-30 00:13:00,0,normal
TX_4025,U_NORM_570,U_NORM_596,711.89,2026-01-30 00:15:00,0,normal
TX_3584,U_NORM_706,U_NORM_752,94.86,2026-01-30 00:19:00,0,normal
TX_3686,U_NORM_846,U_NORM_510,157.05,2026-01-30 00:39:00,0,normal
TX_6153,U_NORM_292,U_COLL_7,5238.52,2026-01-30 00:48:00,1,collector_inflow
TX_1368,U_NORM_145,U_NORM_440,107.45,2026-01-30 01:04:00,0,normal
TX_528,U_NORM_515,U_NORM_825,557.37,2026-01-30 01:19:00,0,normal
TX_702,U_NORM_514,U_NORM_720,436.34,2026-01-30 01:23:00,0,normal
TX_6341,U_NORM_333,U_COLL_16,9638.14,2026-01-30 01:40:00,1,collector_inflow
TX_829,U_NORM_81,U_NORM_333,114.86,2026-01-30 01:46:00,0,normal
TX_4169,U_NORM_243,U_NORM_387,755.16,2026-01-30 01:51:00,0,normal
TX_3817,U_NORM_185,U_NORM_24,472.85,2026-01-30 02:02:00,0,normal
TX_4523,U_NORM_178,U_NORM_72,538.97,2026-01-30 02:28:00,0,normal
TX_6337,U_NORM_805,U_COLL_16,5372.39,2026-01-30 02:35:00,1,collector_inflow
TX_6636,U_NORM_570,U_COLL_31,8237.12,2026-01-30 02:39:00,1,collector_inflow
TX_4363,U_NORM_801,U_NORM_534,155.55,2026-01-30 02:50:00,0,normal
TX_6156,U_NORM_69,U_COLL_7,9247.75,2026-01-30 02:50:00,1,collector_inflow
TX_2448,U_NORM_603,U_NORM_563,490.69,2026-01-30 02:55:00,0,normal
TX_6436,U_NORM_594,U_COLL_21,9623.86,2026-01-30 03:15:00,1,collector_inflow
TX_1696,U_NORM_658,U_NORM_807,775.64,2026-01-30 03:19:00,0,normal
TX_3136,U_NORM_25,U_NORM_424,556.53,2026-01-30 03:22:00,0,normal
TX_2869,U_NORM_271,U_NORM_150,474.98,2026-01-30 03:48:00,0,normal
TX_3027,U_NORM_678,U_NORM_675,283.61,2026-01-30 03:54:00,0,normal
TX_2701,U_NORM_532,U_NORM_628,127.09,2026-01-30 03:59:00,0,normal
TX_6623,U_NORM_289,U_COLL_30,8963.85,2026-01-30 04:06:00,1,collector_inflow
TX_1994,U_NORM_405,U_NORM_21,470.59,2026-01-30 04:10:00,0,normal
TX_4787,U_NORM_102,U_NORM_224,770.54,2026-01-30 04:12:00,0,normal
TX_396,U_NORM_380,U_NORM_63,537.72,2026-01-30 04:14:00,0,normal
TX_2071,U_NORM_584,U_NORM_478,657.86,2026-01-30 04:22:00,0,normal
TX_4948,U_NORM_694,U_NORM_709,147.44,2026-01-30 04:31:00,0,normal
TX_4811,U_NORM_477,U_NORM_591,700.81,2026-01-30 04:32:00,0,normal
TX_1237,U_NORM_805,U_NORM_680,296.54,2026-01-30 04:33:00,0,normal
TX_813,U_NORM_557,U_NORM_515,395.0,2026-01-30 04:44:00,0,normal
TX_1530,U_NORM_643,U_NORM_782,76.59,2026-01-30 04:46:00,0,normal
TX_4704,U_NORM_856,U_NORM_499,709.93,2026-01-30 04:50:00,0,normal
TX_2187,U_NORM_719,U_NORM_560,259.61,2026-01-30 04:53:00,0,normal
TX_2956,U_NORM_602,U_NORM_555,423.6,2026-01-30 05:00:00,0,normal
TX_173,U_NORM_414,U_NORM_48,472.65,2026-01-30 05:04:00,0,normal
TX_99,U_NORM_642,U_NORM_490,465.18,2026-01-30 05:05:00,0,normal
TX_6363,U_NORM_868,U_COLL_18,8982.63,2026-01-30 05:08:00,1,collector_inflow
TX_4759,U_NORM_259,U_NORM_78,394.71,2026-01-30 05:09:00,0,normal
TX_745,U_NORM_85,U_NORM_354,395.46,2026-01-30 05:09:00,0,normal
TX_4202,U_NORM_282,U_NORM_16,207.68,2026-01-30 05:24:00,0,normal
TX_1900,U_NORM_393,U_NORM_45,472.79,2026-01-30 05:27:00,0,normal
TX_6332,U_NORM_654,U_COLL_16,6383.44,2026-01-30 05:36:00,1,collector_inflow
TX_3345,U_NORM_115,U_NORM_416,75.6,2026-01-30 05:38:00,0,normal
TX_928,U_NORM_362,U_NORM_262,235.24,2026-01-30 05:40:00,0,normal
TX_2286,U_NORM_845,U_NORM_545,467.05,2026-01-30 05:47:00,0,normal
TX_2747,U_NORM_136,U_NORM_432,602.65,2026-01-30 05:52:00,0,normal
TX_5560,U_CRIM_28,U_NORM_438,568.22,2026-01-30 05:53:00,1,criminal_outflow
TX_4099,U_NORM_710,U_NORM_487,44.03,2026-01-30 06:01:00,0,normal
TX_424,U_NORM_58,U_NORM_3,213.77,2026-01-30 06:12:00,0,normal
TX_2566,U_NORM_491,U_NORM_469,350.73,2026-01-30 06:16:00,0,normal
TX_1286,U_NORM_802,U_NORM_531,737.73,2026-01-30 06:19:00,0,normal
TX_23,U_NORM_208,U_NORM_187,42.91,2026-01-30 06:20:00,0,normal
TX_592,U_NORM_306,U_NORM_188,669.02,2026-01-30 06:26:00,0,normal
TX_3282,U_NORM_526,U_NORM_496,443.29,2026-01-30 06:30:00,0,normal
TX_6306,U_NORM_93,U_COLL_14,7944.93,2026-01-30 06:37:00,1,collector_inflow
TX_3384,U_NORM_607,U_NORM_738,647.6,2026-01-30 06:45:00,0,normal
TX_4213,U_NORM_429,U_NORM_376,172.84,2026-01-30 06:46:00,0,normal
TX_2452,U_NORM_644,U_NORM_629,574.46,2026-01-30 06:54:00,0,normal
TX_2119,U_NORM_897,U_NORM_843,52.55,2026-01-30 06:57:00,0,normal
TX_1154,U_NORM_394,U_NORM_194,781.09,2026-01-30 06:59:00,0,normal
TX_4394,U_NORM_205,U_NORM_60,583.71,2026-01-30 07:19:00,0,normal
TX_5194,U_CRIM_10,U_NORM_768,1389.82,2026-01-30 07:24:00,1,criminal_outflow
TX_389,U_NORM_549,U_NORM_660,596.76,2026-01-30 07:35:00,0,normal
TX_5647,U_CRIM_32,U_NORM_643,1395.88,2026-01-30 07:41:00,1,criminal_outflow
TX_3948,U_NORM_333,U_NORM_127,598.04,2026-01-30 07:47:00,0,normal
TX_4262,U_NORM_424,U_NORM_391,663.29,2026-01-30 08:01:00,0,normal
TX_227,U_NORM_805,U_NORM_458,615.88,2026-01-30 08:12:00,0,normal
TX_4762,U_NORM_794,U_NORM_560,28.68,2026-01-30 08:18:00,0,normal
TX_2567,U_NORM_153,U_NORM_17,720.92,2026-01-30 08:20:00,0,normal
TX_490,U_NORM_384,U_NORM_52,119.11,2026-01-30 08:34:00,0,normal
TX_4840,U_NORM_652,U_NORM_893,26.68,2026-01-30 08:38:00,0,normal
TX_5856,U_CRIM_42,U_NORM_581,530.61,2026-01-30 08:48:00,1,criminal_outflow
TX_2847,U_NORM_573,U_NORM_773,237.89,2026-01-30 08:55:00,0,normal
TX_6561,U_NORM_514,U_COLL_27,5831.03,2026-01-30 08:56:00,1,collector_inflow
TX_1157,U_NORM_104,U_NORM_21,68.3,2026-01-30 09:11:00,0,normal
TX_6838,U_NORM_305,U_COLL_41,5904.05,2026-01-30 09:13:00,1,collector_inflow
TX_2880,U_NORM_211,U_NORM_143,324.37,2026-01-30 09:14:00,0,normal
TX_1017,U_NORM_218,U_NORM_189,278.6,2026-01-30 09:25:00,0,normal
TX_5824,U_CRIM_41,U_NORM_364,852.05,2026-01-30 09:43:00,1,criminal_outflow
TX_623,U_NORM_232,U_NORM_272,71.23,2026-01-30 09:54:00,0,normal
TX_3099,U_NORM_759,U_NORM_693,795.07,2026-01-30 09:56:00,0,normal
TX_6723,U_NORM_622,U_COLL_36,8703.3,2026-01-30 09:58:00,1,collector_inflow
TX_1992,U_NORM_496,U_NORM_838,688.41,2026-01-30 10:10:00,0,normal
TX_2675,U_NORM_519,U_NORM_848,210.17,2026-01-30 10:22:00,0,normal
TX_5798,U_CRIM_40,U_NORM_785,865.53,2026-01-30 10:36:00,1,criminal_outflow
TX_6885,U_NORM_360,U_COLL_43,6004.02,2026-01-30 10:37:00,1,collector_inflow
TX_2542,U_NORM_519,U_NORM_457,41.08,2026-01-30 10:54:00,0,normal
TX_1020,U_NORM_732,U_NORM_866,444.27,2026-01-30 11:07:00,0,normal
TX_5641,U_CRIM_32,U_NORM_582,514.66,2026-01-30 11:12:00,1,criminal_outflow
TX_452,U_NORM_168,U_NORM_116,786.41,2026-01-30 11:28:00,0,normal
TX_762,U_NORM_277,U_NORM_289,49.08,2026-01-30 11:54:00,0,normal
TX_3281,U_NORM_805,U_NORM_898,56.51,2026-01-30 11:57:00,0,normal
TX_5097,U_CRIM_5,U_NORM_467,1780.87,2026-01-30 12:00:00,1,criminal_outflow
TX_1767,U_NORM_150,U_NORM_50,602.35,2026-01-30 12:02:00,0,normal
TX_2072,U_NORM_434,U_NORM_173,599.16,2026-01-30 12:08:00,0,normal
TX_4056,U_NORM_575,U_NORM_671,566.39,2026-01-30 12:10:00,0,normal
TX_5063,U_CRIM_3,U_NORM_250,664.52,2026-01-30 12:10:00,1,criminal_outflow
TX_2051,U_NORM_295,U_NORM_10,643.6,2026-01-30 12:13:00,0,normal
TX_4989,U_NORM_877,U_NORM_752,224.08,2026-01-30 12:15:00,0,normal
TX_6155,U_NORM_278,U_COLL_7,8961.24,2026-01-30 12:24:00,1,collector_inflow
TX_1705,U_NORM_780,U_NORM_471,544.71,2026-01-30 12:28:00,0,normal
TX_2511,U_NORM_99,U_NORM_86,554.74,2026-01-30 12:32:00,0,normal
TX_4965,U_NORM_782,U_NORM_742,15.53,2026-01-30 12:49:00,0,normal
TX_4465,U_NORM_620,U_NORM_595,583.23,2026-01-30 12:57:00,0,normal
TX_632,U_NORM_594,U_NORM_597,5.27,2026-01-30 12:58:00,0,normal
TX_1436,U_NORM_483,U_NORM_522,373.83,2026-01-30 13:07:00,0,normal
TX_3589,U_NORM_127,U_NORM_124,262.34,2026-01-30 13:07:00,0,normal
TX_723,U_NORM_205,U_NORM_246,405.62,2026-01-30 13:11:00,0,normal
TX_882,U_NORM_736,U_NORM_839,604.83,2026-01-30 13:22:00,0,normal
TX_1387,U_NORM_530,U_NORM_502,221.52,2026-01-30 13:28:00,0,normal
TX_5362,U_CRIM_19,U_NORM_213,1789.63,2026-01-30 13:45:00,1,criminal_outflow
TX_2526,U_NORM_854,U_NORM_669,355.78,2026-01-30 13:45:00,0,normal
TX_3827,U_NORM_333,U_NORM_434,317.39,2026-01-30 13:46:00,0,normal
TX_999,U_NORM_381,U_NORM_403,748.19,2026-01-30 13:48:00,0,normal
TX_1477,U_NORM_282,U_NORM_165,154.9,2026-01-30 13:52:00,0,normal
TX_5022,U_CRIM_1,U_NORM_839,1597.22,2026-01-30 13:56:00,1,criminal_outflow
TX_1122,U_NORM_271,U_NORM_195,92.25,2026-01-30 13:56:00,0,normal
TX_382,U_NORM_733,U_NORM_477,270.46,2026-01-30 14:07:00,0,normal
TX_796,U_NORM_368,U_NORM_331,799.19,2026-01-30 14:09:00,0,normal
TX_622,U_NORM_407,U_NORM_33,287.76,2026-01-30 14:13:00,0,normal
TX_5527,U_CRIM_26,U_NORM_782,1348.38,2026-01-30 14:17:00,1,criminal_outflow
TX_2270,U_NORM_470,U_NORM_712,232.16,2026-01-30 14:26:00,0,normal
TX_3479,U_NORM_881,U_NORM_896,587.13,2026-01-30 14:37:00,0,normal
TX_5343,U_CRIM_17,U_NORM_389,1937.47,2026-01-30 14:40:00,1,criminal_outflow
TX_2081,U_NORM_57,U_NORM_11,264.79,2026-01-30 14:51:00,0,normal
TX_1364,U_NORM_307,U_NORM_427,202.66,2026-01-30 15:15:00,0,normal
TX_1041,U_NORM_822,U_NORM_494,86.7,2026-01-30 15:16:00,0,normal
TX_3888,U_NORM_520,U_NORM_473,496.71,2026-01-30 15:30:00,0,normal
TX_4371,U_NORM_191,U_NORM_446,328.4,2026-01-30 15:32:00,0,normal
TX_6017,U_NORM_724,U_COLL_1,5275.71,2026-01-30 15:36:00,1,collector_inflow
TX_6787,U_NORM_860,U_COLL_39,8452.8,2026-01-30 15:46:00,1,collector_inflow
TX_2105,U_NORM_692,U_NORM_628,178.04,2026-01-30 15:50:00,0,normal
TX_6741,U_NORM_384,U_COLL_37,8760.53,2026-01-30 15:53:00,1,collector_inflow
TX_1656,U_NORM_204,U_NORM_32,229.95,2026-01-30 15:54:00,0,normal
TX_3318,U_NORM_870,U_NORM_630,252.55,2026-01-30 15:58:00,0,normal
TX_5535,U_CRIM_26,U_NORM_699,1926.77,2026-01-30 15:58:00,1,criminal_outflow
TX_1470,U_NORM_7,U_NORM_278,185.21,2026-01-30 16:00:00,0,normal
TX_1940,U_NORM_156,U_NORM_39,334.24,2026-01-30 16:03:00,0,normal
TX_1669,U_NORM_179,U_NORM_438,58.39,2026-01-30 16:05:00,0,normal
TX_3359,U_NORM_551,U_NORM_719,568.4,2026-01-30 16:06:00,0,normal
TX_3530,U_NORM_359,U_NORM_24,8.02,2026-01-30 16:12:00,0,normal
TX_4407,U_NORM_274,U_NORM_210,195.57,2026-01-30 16:19:00,0,normal
TX_3410,U_NORM_879,U_NORM_461,513.84,2026-01-30 16:24:00,0,normal
TX_1624,U_NORM_688,U_NORM_728,547.83,2026-01-30 16:36:00,0,normal
TX_2981,U_NORM_528,U_NORM_706,253.09,2026-01-30 16:39:00,0,normal
TX_149,U_NORM_297,U_NORM_258,317.38,2026-01-30 16:39:00,0,normal
TX_3379,U_NORM_783,U_NORM_740,430.56,2026-01-30 17:03:00,0,normal
TX_734,U_NORM_420,U_NORM_360,547.64,2026-01-30 17:04:00,0,normal
TX_1280,U_NORM_728,U_NORM_564,153.12,2026-01-30 17:14:00,0,normal
TX_3685,U_NORM_429,U_NORM_90,139.16,2026-01-30 17:20:00,0,normal
TX_1160,U_NORM_899,U_NORM_530,252.7,2026-01-30 17:24:00,0,normal
TX_6090,U_NORM_355,U_COLL_4,8685.8,2026-01-30 17:27:00,1,collector_inflow
TX_815,U_NORM_100,U_NORM_102,58.06,2026-01-30 17:28:00,0,normal
TX_360,U_NORM_562,U_NORM_617,62.16,2026-01-30 17:42:00,0,normal
TX_3090,U_NORM_332,U_NORM_313,744.74,2026-01-30 17:51:00,0,normal
TX_6005,U_NORM_784,U_COLL_1,9531.75,2026-01-30 18:21:00,1,collector_inflow
TX_6700,U_NORM_261,U_COLL_34,5490.72,2026-01-30 18:30:00,1,collector_inflow
TX_1039,U_NORM_33,U_NORM_253,716.76,2026-01-30 18:35:00,0,normal
TX_5126,U_CRIM_6,U_NORM_610,892.62,2026-01-30 18:39:00,1,criminal_outflow
TX_1961,U_NORM_168,U_NORM_284,677.3,2026-01-30 18:46:00,0,normal
TX_5888,U_CRIM_45,U_NORM_462,1674.6,2026-01-30 18:50:00,1,criminal_outflow
TX_6621,U_NORM_372,U_COLL_30,8483.34,2026-01-30 18:52:00,1,collector_inflow
TX_1227,U_NORM_531,U_NORM_890,198.11,2026-01-30 18:54:00,0,normal
TX_4953,U_NORM_408,U_NORM_385,487.37,2026-01-30 18:57:00,0,normal
TX_2488,U_NORM_838,U_NORM_778,409.83,2026-01-30 18:59:00,0,normal
TX_4529,U_NORM_235,U_NORM_53,570.14,2026-01-30 19:01:00,0,normal
TX_2565,U_NORM_599,U_NORM_896,667.25,2026-01-30 19:09:00,0,normal
TX_3526,U_NORM_568,U_NORM_794,739.12,2026-01-30 19:14:00,0,normal
TX_6013,U_NORM_64,U_COLL_1,6559.62,2026-01-30 19:20:00,1,collector_inflow
TX_3580,U_NORM_453,U_NORM_703,181.09,2026-01-30 19:23:00,0,normal
TX_4096,U_NORM_642,U_NORM_588,269.81,2026-01-30 19:34:00,0,normal
TX_1864,U_NORM_212,U_NORM_423,101.16,2026-01-30 19:45:00,0,normal
TX_5731,U_CRIM_36,U_NORM_606,1819.87,2026-01-30 19:45:00,1,criminal_outflow
TX_5312,U_CRIM_16,U_NORM_254,1822.49,2026-01-30 19:50:00,1,criminal_outflow
TX_3190,U_NORM_1,U_NORM_42,556.19,2026-01-30 19:51:00,0,normal
TX_6678,U_NORM_11,U_COLL_33,6875.68,2026-01-30 19:51:00,1,collector_inflow
TX_5079,U_CRIM_4,U_NORM_187,1335.01,2026-01-30 20:00:00,1,criminal_outflow
TX_3830,U_NORM_393,U_NORM_247,516.38,2026-01-30 20:01:00,0,normal
TX_5181,U_CRIM_9,U_NORM_703,650.19,2026-01-30 20:15:00,1,criminal_outflow
TX_3058,U_NORM_592,U_NORM_537,788.97,2026-01-30 20:23:00,0,normal
TX_1892,U_NORM_725,U_NORM_466,457.95,2026-01-30 20:29:00,0,normal
TX_118,U_NORM_506,U_NORM_684,155.53,2026-01-30 20:32:00,0,normal
TX_3150,U_NORM_334,U_NORM_327,628.86,2026-01-30 20:40:00,0,normal
TX_2063,U_NORM_403,U_NORM_284,212.08,2026-01-30 20:46:00,0,normal
TX_220,U_NORM_234,U_NORM_19,333.45,2026-01-30 20:59:00,0,normal
TX_6267,U_NORM_135,U_COLL_12,9711.04,2026-01-30 20:59:00,1,collector_inflow
TX_3595,U_NORM_22,U_NORM_215,266.87,2026-01-30 21:07:00,0,normal
TX_3934,U_NORM_413,U_NORM_55,433.6,2026-01-30 21:15:00,0,normal
TX_25,U_NORM_21,U_NORM_445,34.78,2026-01-30 21:16:00,0,normal
TX_587,U_NORM_234,U_NORM_279,190.89,2026-01-30 21:23:00,0,normal
TX_1662,U_NORM_189,U_NORM_318,639.74,2026-01-30 21:25:00,0,normal
TX_6895,U_NORM_167,U_COLL_44,5373.5,2026-01-30 21:27:00,1,collector_inflow
TX_3954,U_NORM_102,U_NORM_280,701.93,2026-01-30 21:34:00,0,normal
TX_4513,U_NORM_731,U_NORM_858,211.9,2026-01-30 21:41:00,0,normal
TX_1544,U_NORM_171,U_NORM_404,36.36,2026-01-30 21:45:00,0,normal
TX_1135,U_NORM_710,U_NORM_796,10.11,2026-01-30 21:55:00,0,normal
TX_1004,U_NORM_188,U_NORM_356,207.96,2026-01-30 21:56:00,0,normal
TX_1487,U_NORM_521,U_NORM_867,575.41,2026-01-30 21:59:00,0,normal
TX_6151,U_NORM_565,U_COLL_7,9078.36,2026-01-30 22:01:00,1,collector_inflow
TX_1299,U_NORM_518,U_NORM_580,143.5,2026-01-30 22:06:00,0,normal
TX_748,U_NORM_713,U_NORM_839,538.62,2026-01-30 22:08:00,0,normal
TX_1493,U_NORM_645,U_NORM_474,332.11,2026-01-30 22:09:00,0,normal
TX_5123,U_CRIM_6,U_NORM_372,690.63,2026-01-30 22:10:00,1,criminal_outflow
TX_6662,U_NORM_730,U_COLL_32,8732.87,2026-01-30 22:37:00,1,collector_inflow
TX_1897,U_NORM_310,U_NORM_374,414.7,2026-01-30 22:48:00,0,normal
TX_5763,U_CRIM_37,U_NORM_882,1181.02,2026-01-30 23:08:00,1,criminal_outflow
TX_974,U_NORM_345,U_NORM_331,390.11,2026-01-30 23:14:00,0,normal
TX_2049,U_NORM_357,U_NORM_84,707.44,2026-01-30 23:14:00,0,normal
TX_2293,U_NORM_719,U_NORM_727,28.9,2026-01-30 23:14:00,0,normal
TX_2707,U_NORM_663,U_NORM_821,781.98,2026-01-30 23:26:00,0,normal
TX_3361,U_NORM_775,U_NORM_743,268.67,2026-01-30 23:30:00,0,normal
TX_4009,U_NORM_750,U_NORM_842,129.31,2026-01-30 23:36:00,0,normal
TX_692,U_NORM_113,U_NORM_160,191.35,2026-01-30 23:42:00,0,normal
TX_6081,U_NORM_214,U_COLL_3,9305.92,2026-01-30 23:58:00,1,collector_inflow
TX_5111,U_CRIM_5,U_NORM_181,1517.51,2026-01-31 00:15:00,1,criminal_outflow
TX_4789,U_NORM_678,U_NORM_793,272.38,2026-01-31 00:18:00,0,normal
TX_971,U_NORM_406,U_NORM_225,24.16,2026-01-31 00:21:00,0,normal
TX_4921,U_NORM_189,U_NORM_306,86.17,2026-01-31 00:28:00,0,normal
TX_3858,U_NORM_587,U_NORM_828,774.93,2026-01-31 00:40:00,0,normal
TX_5000,U_CRIM_0,U_NORM_159,1929.82,2026-01-31 00:42:00,1,criminal_outflow
TX_2841,U_NORM_891,U_NORM_487,374.46,2026-01-31 00:53:00,0,normal
TX_1805,U_NORM_503,U_NORM_784,556.91,2026-01-31 00:55:00,0,normal
TX_4719,U_NORM_743,U_NORM_753,378.24,2026-01-31 00:57:00,0,normal
TX_5732,U_CRIM_36,U_NORM_123,1975.59,2026-01-31 01:12:00,1,criminal_outflow
TX_3648,U_NORM_635,U_NORM_851,167.47,2026-01-31 01:16:00,0,normal
TX_6048,U_NORM_603,U_COLL_2,5872.85,2026-01-31 01:18:00,1,collector_inflow
TX_1741,U_NORM_427,U_NORM_233,564.0,2026-01-31 01:26:00,0,normal
TX_5922,U_CRIM_46,U_NORM_810,671.45,2026-01-31 01:36:00,1,criminal_outflow
TX_5740,U_CRIM_36,U_NORM_734,1249.94,2026-01-31 01:40:00,1,criminal_outflow
TX_1397,U_NORM_858,U_NORM_543,556.87,2026-01-31 01:44:00,0,normal
TX_322,U_NORM_700,U_NORM_703,698.02,2026-01-31 02:03:00,0,normal
TX_6627,U_NORM_232,U_COLL_31,7701.25,2026-01-31 02:06:00,1,collector_inflow
TX_2005,U_NORM_838,U_NORM_580,408.15,2026-01-31 02:13:00,0,normal
TX_2390,U_NORM_326,U_NORM_45,703.79,2026-01-31 02:25:00,0,normal
TX_1617,U_NORM_170,U_NORM_409,515.87,2026-01-31 02:26:00,0,normal
TX_4616,U_NORM_78,U_NORM_204,553.42,2026-01-31 02:27:00,0,normal
TX_1787,U_NORM_708,U_NORM_626,492.24,2026-01-31 02:48:00,0,normal
TX_2162,U_NORM_228,U_NORM_139,631.26,2026-01-31 02:52:00,0,normal
TX_2254,U_NORM_802,U_NORM_688,326.27,2026-01-31 02:56:00,0,normal
TX_3121,U_NORM_128,U_NORM_86,704.02,2026-01-31 03:01:00,0,normal
TX_7064,U_NORM_433,U_NORM_553,76.26,2026-01-31 03:04:00,0,bridge
TX_5564,U_CRIM_29,U_NORM_816,968.76,2026-01-31 03:16:00,1,criminal_outflow
TX_52,U_NORM_339,U_NORM_259,343.5,2026-01-31 03:19:00,0,normal
TX_4206,U_NORM_138,U_NORM_399,379.19,2026-01-31 03:23:00,0,normal
TX_1674,U_NORM_681,U_NORM_537,43.91,2026-01-31 03:30:00,0,normal
TX_2502,U_NORM_856,U_NORM_748,229.95,2026-01-31 03:31:00,0,normal
TX_6328,U_NORM_816,U_COLL_16,8836.83,2026-01-31 03:34:00,1,collector_inflow
TX_199,U_NORM_737,U_NORM_680,373.04,2026-01-31 03:37:00,0,normal
TX_4766,U_NORM_320,U_NORM_336,765.16,2026-01-31 03:38:00,0,normal
TX_597,U_NORM_72,U_NORM_238,687.65,2026-01-31 03:43:00,0,normal
TX_2068,U_NORM_633,U_NORM_627,787.12,2026-01-31 03:57:00,0,normal
TX_186,U_NORM_632,U_NORM_791,648.89,2026-01-31 03:58:00,0,normal
TX_5993,U_NORM_836,U_COLL_0,6466.73,2026-01-31 04:04:00,1,collector_inflow
TX_2349,U_NORM_616,U_NORM_769,447.45,2026-01-31 04:09:00,0,normal
TX_3757,U_NORM_816,U_NORM_485,328.9,2026-01-31 04:09:00,0,normal
TX_166,U_NORM_219,U_NORM_245,28.71,2026-01-31 04:26:00,0,normal
TX_5429,U_CRIM_21,U_NORM_842,1729.21,2026-01-31 04:27:00,1,criminal_outflow
TX_4493,U_NORM_754,U_NORM_660,717.91,2026-01-31 04:42:00,0,normal
TX_5520,U_CRIM_26,U_NORM_458,704.88,2026-01-31 04:51:00,1,criminal_outflow
TX_6962,U_NORM_575,U_COLL_46,9407.41,2026-01-31 04:55:00,1,collector_inflow
TX_4797,U_NORM_896,U_NORM_512,569.1,2026-01-31 04:58:00,0,normal
TX_4149,U_NORM_731,U_NORM_680,487.29,2026-01-31 05:03:00,0,normal
TX_2613,U_NORM_728,U_NORM_899,7.94,2026-01-31 05:05:00,0,normal
TX_6817,U_NORM_595,U_COLL_40,7551.98,2026-01-31 05:08:00,1,collector_inflow
TX_2693,U_NORM_689,U_NORM_808,578.24,2026-01-31 05:15:00,0,normal
TX_4337,U_NORM_487,U_NORM_499,378.82,2026-01-31 05:33:00,0,normal
TX_1926,U_NORM_326,U_NORM_267,568.68,2026-01-31 05:38:00,0,normal
TX_5505,U_CRIM_25,U_NORM_755,572.13,2026-01-31 05:39:00,1,criminal_outflow
TX_1755,U_NORM_358,U_NORM_301,592.55,2026-01-31 05:44:00,0,normal
TX_3225,U_NORM_524,U_NORM_685,272.26,2026-01-31 05:48:00,0,normal
TX_5858,U_CRIM_43,U_NORM_752,835.04,2026-01-31 05:54:00,1,criminal_outflow
TX_5125,U_CRIM_6,U_NORM_331,960.82,2026-01-31 06:00:00,1,criminal_outflow
TX_1073,U_NORM_494,U_NORM_720,776.85,2026-01-31 06:02:00,0,normal
TX_3981,U_NORM_259,U_NORM_386,13.05,2026-01-31 06:13:00,0,normal
TX_5645,U_CRIM_32,U_NORM_323,1869.61,2026-01-31 06:34:00,1,criminal_outflow
TX_2493,U_NORM_497,U_NORM_761,165.45,2026-01-31 06:35:00,0,normal
TX_5519,U_CRIM_26,U_NORM_543,1843.22,2026-01-31 06:42:00,1,criminal_outflow
TX_3503,U_NORM_779,U_NORM_814,776.55,2026-01-31 06:44:00,0,normal
TX_323,U_NORM_697,U_NORM_765,657.92,2026-01-31 06:46:00,0,normal
TX_3205,U_NORM_137,U_NORM_326,383.28,2026-01-31 06:53:00,0,normal
TX_3825,U_NORM_70,U_NORM_9,330.33,2026-01-31 06:57:00,0,normal
TX_6990,U_NORM_643,U_COLL_47,9041.69,2026-01-31 07:06:00,1,collector_inflow
TX_2569,U_NORM_834,U_NORM_486,628.21,2026-01-31 07:15:00,0,normal
TX_3395,U_NORM_485,U_NORM_523,666.74,2026-01-31 07:20:00,0,normal
TX_373,U_NORM_233,U_NORM_438,51.65,2026-01-31 07:21:00,0,normal
TX_4476,U_NORM_719,U_NORM_669,355.66,2026-01-31 07:26:00,0,normal
TX_4741,U_NORM_876,U_NORM_646,501.63,2026-01-31 07:28:00,0,normal
TX_1655,U_NORM_99,U_NORM_298,34.03,2026-01-31 07:34:00,0,normal
TX_2575,U_NORM_130,U_NORM_420,426.45,2026-01-31 07:38:00,0,normal
TX_839,U_NORM_269,U_NORM_100,509.46,2026-01-31 07:50:00,0,normal
TX_2699,U_NORM_667,U_NORM_497,624.67,2026-01-31 07:56:00,0,normal
TX_44,U_NORM_214,U_NORM_279,699.22,2026-01-31 07:57:00,0,normal
TX_4168,U_NORM_169,U_NORM_114,623.01,2026-01-31 08:01:00,0,normal
TX_2065,U_NORM_30,U_NORM_181,790.82,2026-01-31 08:10:00,0,normal
TX_567,U_NORM_715,U_NORM_743,482.39,2026-01-31 08:12:00,0,normal
TX_1625,U_NORM_895,U_NORM_477,752.21,2026-01-31 08:14:00,0,normal
TX_1983,U_NORM_146,U_NORM_387,377.77,2026-01-31 08:16:00,0,normal
TX_4836,U_NORM_674,U_NORM_812,280.85,2026-01-31 08:24:00,0,normal
TX_805,U_NORM_438,U_NORM_124,512.5,2026-01-31 08:27:00,0,normal
TX_1952,U_NORM_682,U_NORM_472,121.72,2026-01-31 08:39:00,0,normal
TX_460,U_NORM_326,U_NORM_164,349.78,2026-01-31 08:44:00,0,normal
TX_4973,U_NORM_276,U_NORM_339,255.69,2026-01-31 08:48:00,0,normal
TX_1466,U_NORM_853,U_NORM_534,53.79,2026-01-31 08:52:00,0,normal
TX_2530,U_NORM_896,U_NORM_753,329.75,2026-01-31 08:53:00,0,normal
TX_7063,U_NORM_162,U_NORM_827,25.74,2026-01-31 09:06:00,0,bridge
TX_6818,U_NORM_127,U_COLL_40,9320.33,2026-01-31 09:14:00,1,collector_inflow
TX_3762,U_NORM_862,U_NORM_801,238.44,2026-01-31 09:19:00,0,normal
TX_851,U_NORM_202,U_NORM_405,67.49,2026-01-31 09:38:00,0,normal
TX_4609,U_NORM_884,U_NORM_466,405.91,2026-01-31 09:44:00,0,normal
TX_6174,U_NORM_728,U_COLL_7,6711.65,2026-01-31 09:50:00,1,collector_inflow
TX_1346,U_NORM_607,U_NORM_689,487.52,2026-01-31 09:55:00,0,normal
TX_5551,U_CRIM_28,U_NORM_197,1116.23,2026-01-31 10:01:00,1,criminal_outflow
TX_3892,U_NORM_569,U_NORM_459,470.3,2026-01-31 10:04:00,0,normal
TX_2719,U_NORM_672,U_NORM_693,13.37,2026-01-31 10:17:00,0,normal
TX_4571,U_NORM_395,U_NORM_234,685.04,2026-01-31 10:25:00,0,normal
TX_3419,U_NORM_466,U_NORM_860,318.89,2026-01-31 10:28:00,0,normal
TX_4650,U_NORM_604,U_NORM_470,354.6,2026-01-31 10:31:00,0,normal
TX_4376,U_NORM_779,U_NORM_499,584.12,2026-01-31 10:34:00,0,normal
TX_3548,U_NORM_581,U_NORM_851,395.64,2026-01-31 10:37:00,0,normal
TX_5154,U_CRIM_8,U_NORM_569,561.31,2026-01-31 10:45:00,1,criminal_outflow
TX_4549,U_NORM_164,U_NORM_208,189.81,2026-01-31 11:00:00,0,normal
TX_1789,U_NORM_86,U_NORM_396,647.1,2026-01-31 11:02:00,0,normal
TX_4403,U_NORM_588,U_NORM_850,282.51,2026-01-31 11:10:00,0,normal
TX_725,U_NORM_834,U_NORM_785,11.89,2026-01-31 11:15:00,0,normal
TX_4735,U_NORM_46,U_NORM_243,123.28,2026-01-31 11:17:00,0,normal
TX_1758,U_NORM_218,U_NORM_133,252.57,2026-01-31 11:26:00,0,normal
TX_4454,U_NORM_841,U_NORM_884,258.57,2026-01-31 11:27:00,0,normal
TX_588,U_NORM_449,U_NORM_416,524.96,2026-01-31 11:29:00,0,normal
TX_1604,U_NORM_161,U_NORM_93,150.37,2026-01-31 11:33:00,0,normal
TX_3805,U_NORM_430,U_NORM_259,427.34,2026-01-31 11:38:00,0,normal
TX_5313,U_CRIM_16,U_NORM_638,1850.91,2026-01-31 11:39:00,1,criminal_outflow
TX_1318,U_NORM_517,U_NORM_755,257.7,2026-01-31 11:39:00,0,normal
TX_1067,U_NORM_620,U_NORM_852,245.8,2026-01-31 11:51:00,0,normal
TX_4798,U_NORM_583,U_NORM_562,744.11,2026-01-31 11:54:00,0,normal
TX_1390,U_NORM_713,U_NORM_471,330.88,2026-01-31 11:55:00,0,normal
TX_936,U_NORM_423,U_NORM_36,166.48,2026-01-31 11:56:00,0,normal
TX_2366,U_NORM_620,U_NORM_794,251.0,2026-01-31 12:08:00,0,normal
TX_5452,U_CRIM_23,U_NORM_627,1901.5,2026-01-31 12:21:00,1,criminal_outflow
TX_4215,U_NORM_789,U_NORM_802,618.5,2026-01-31 12:22:00,0,normal
TX_1587,U_NORM_42,U_NORM_168,560.32,2026-01-31 12:29:00,0,normal
TX_1388,U_NORM_588,U_NORM_502,756.68,2026-01-31 12:44:00,0,normal
TX_5538,U_CRIM_27,U_NORM_182,1557.37,2026-01-31 12:53:00,1,criminal_outflow
TX_6256,U_NORM_94,U_COLL_11,8591.5,2026-01-31 12:55:00,1,collector_inflow
TX_5557,U_CRIM_28,U_NORM_152,1375.3,2026-01-31 12:56:00,1,criminal_outflow
TX_2017,U_NORM_749,U_NORM_625,171.88,2026-01-31 13:00:00,0,normal
TX_5302,U_CRIM_15,U_NORM_223,1627.1,2026-01-31 13:00:00,1,criminal_outflow
TX_909,U_NORM_332,U_NORM_348,674.18,2026-01-31 13:14:00,0,normal
TX_6764,U_NORM_30,U_COLL_38,8864.73,2026-01-31 13:20:00,1,collector_inflow
TX_4734,U_NORM_457,U_NORM_686,606.18,2026-01-31 13:22:00,0,normal
TX_2954,U_NORM_200,U_NORM_160,460.33,2026-01-31 13:28:00,0,normal
TX_74,U_NORM_711,U_NORM_548,341.57,2026-01-31 13:28:00,0,normal
TX_5172,U_CRIM_8,U_NORM_790,1828.91,2026-01-31 13:29:00,1,criminal_outflow
TX_6971,U_NORM_366,U_COLL_47,7615.33,2026-01-31 13:38:00,1,collector_inflow
TX_6015,U_NORM_125,U_COLL_1,8840.54,2026-01-31 13:45:00,1,collector_inflow
TX_4228,U_NORM_529,U_NORM_479,416.16,2026-01-31 13:48:00,0,normal
TX_6226,U_NORM_15,U_COLL_10,8961.25,2026-01-31 13:48:00,1,collector_inflow
TX_990,U_NORM_3,U_NORM_362,653.45,2026-01-31 13:59:00,0,normal
TX_3680,U_NORM_864,U_NORM_812,483.53,2026-01-31 14:17:00,0,normal
TX_2145,U_NORM_561,U_NORM_737,772.18,2026-01-31 14:40:00,0,normal
TX_6262,U_NORM_495,U_COLL_11,7567.73,2026-01-31 14:47:00,1,collector_inflow
TX_4556,U_NORM_863,U_NORM_471,615.92,2026-01-31 15:00:00,0,normal
TX_3255,U_NORM_19,U_NORM_115,272.5,2026-01-31 15:05:00,0,normal
TX_2739,U_NORM_435,U_NORM_39,54.61,2026-01-31 15:15:00,0,normal
TX_2357,U_NORM_498,U_NORM_477,388.82,2026-01-31 15:23:00,0,normal
TX_2773,U_NORM_737,U_NORM_691,593.72,2026-01-31 15:32:00,0,normal
TX_5477,U_CRIM_24,U_NORM_649,1074.22,2026-01-31 15:32:00,1,criminal_outflow
TX_6985,U_NORM_771,U_COLL_47,9998.46,2026-01-31 15:34:00,1,collector_inflow
TX_3414,U_NORM_668,U_NORM_710,101.3,2026-01-31 15:36:00,0,normal
TX_5688,U_CRIM_34,U_NORM_610,1818.41,2026-01-31 15:40:00,1,criminal_outflow
TX_4227,U_NORM_793,U_NORM_694,653.25,2026-01-31 15:42:00,0,normal
TX_1601,U_NORM_433,U_NORM_33,404.42,2026-01-31 15:46:00,0,normal
TX_4353,U_NORM_683,U_NORM_809,437.46,2026-01-31 15:47:00,0,normal
TX_1128,U_NORM_453,U_NORM_664,798.46,2026-01-31 15:52:00,0,normal
TX_4012,U_NORM_70,U_NORM_110,97.97,2026-01-31 16:05:00,0,normal
TX_2911,U_NORM_211,U_NORM_4,187.6,2026-01-31 16:17:00,0,normal
TX_1919,U_NORM_815,U_NORM_585,422.91,2026-01-31 16:26:00,0,normal
TX_5412,U_CRIM_21,U_NORM_349,1203.61,2026-01-31 16:34:00,1,criminal_outflow
TX_6115,U_NORM_420,U_COLL_5,9691.85,2026-01-31 16:35:00,1,collector_inflow
TX_7037,U_NORM_398,U_COLL_49,9142.09,2026-01-31 16:40:00,1,collector_inflow
TX_2209,U_NORM_624,U_NORM_559,289.13,2026-01-31 16:54:00,0,normal
TX_5755,U_CRIM_37,U_NORM_79,756.71,2026-01-31 17:16:00,1,criminal_outflow
TX_5324,U_CRIM_16,U_NORM_371,589.65,2026-01-31 17:16:00,1,criminal_outflow
TX_3008,U_NORM_134,U_NORM_162,374.92,2026-01-31 17:17:00,0,normal
TX_6315,U_NORM_675,U_COLL_15,5682.76,2026-01-31 17:56:00,1,collector_inflow
TX_2692,U_NORM_204,U_NORM_78,199.01,2026-01-31 17:59:00,0,normal
TX_5185,U_CRIM_9,U_NORM_501,923.85,2026-01-31 18:09:00,1,criminal_outflow
TX_6377,U_NORM_158,U_COLL_18,6996.33,2026-01-31 18:33:00,1,collector_inflow
TX_269,U_NORM_608,U_NORM_685,439.77,2026-01-31 18:48:00,0,normal
TX_514,U_NORM_647,U_NORM_818,646.43,2026-01-31 19:28:00,0,normal
TX_271,U_NORM_459,U_NORM_687,174.76,2026-01-31 19:34:00,0,normal
TX_5611,U_CRIM_30,U_NORM_779,1651.52,2026-01-31 19:39:00,1,criminal_outflow
TX_1664,U_NORM_456,U_NORM_869,349.61,2026-01-31 19:49:00,0,normal
TX_3464,U_NORM_896,U_NORM_890,789.85,2026-01-31 19:51:00,0,normal
TX_5706,U_CRIM_35,U_NORM_411,1640.48,2026-01-31 19:52:00,1,criminal_outflow
TX_4707,U_NORM_119,U_NORM_421,192.59,2026-01-31 19:57:00,0,normal
TX_338,U_NORM_770,U_NORM_720,437.86,2026-01-31 20:06:00,0,normal
TX_2577,U_NORM_296,U_NORM_266,195.68,2026-01-31 20:17:00,0,normal
TX_6660,U_NORM_411,U_COLL_32,6062.8,2026-01-31 20:19:00,1,collector_inflow
TX_1668,U_NORM_394,U_NORM_304,696.87,2026-01-31 20:22:00,0,normal
TX_4405,U_NORM_869,U_NORM_496,326.91,2026-01-31 20:29:00,0,normal
TX_2255,U_NORM_420,U_NORM_111,10.72,2026-01-31 21:04:00,0,normal
TX_441,U_NORM_478,U_NORM_818,313.66,2026-01-31 21:06:00,0,normal
TX_374,U_NORM_529,U_NORM_552,82.48,2026-01-31 21:14:00,0,normal
TX_57,U_NORM_497,U_NORM_843,170.22,2026-01-31 21:14:00,0,normal
TX_2476,U_NORM_144,U_NORM_239,522.13,2026-01-31 21:26:00,0,normal
TX_2137,U_NORM_865,U_NORM_820,544.19,2026-01-31 21:46:00,0,normal
TX_2947,U_NORM_494,U_NORM_861,245.41,2026-01-31 21:56:00,0,normal
TX_2262,U_NORM_554,U_NORM_806,644.26,2026-01-31 22:12:00,0,normal
TX_3842,U_NORM_14,U_NORM_220,26.52,2026-01-31 22:35:00,0,normal
TX_4162,U_NORM_389,U_NORM_28,355.6,2026-01-31 22:40:00,0,normal
TX_716,U_NORM_384,U_NORM_55,484.48,2026-01-31 22:50:00,0,normal
TX_4980,U_NORM_855,U_NORM_503,39.99,2026-01-31 22:54:00,0,normal
TX_7013,U_NORM_644,U_COLL_48,8788.57,2026-01-31 22:57:00,1,collector_inflow
TX_6299,U_NORM_459,U_COLL_14,8618.46,2026-01-31 23:19:00,1,collector_inflow
TX_1770,U_NORM_325,U_NORM_95,194.07,2026-01-31 23:23:00,0,normal
TX_6221,U_NORM_489,U_COLL_10,7314.35,2026-01-31 23:28:00,1,collector_inflow
TX_6666,U_NORM_73,U_COLL_33,8208.76,2026-01-31 23:31:00,1,collector_inflow
TX_5390,U_CRIM_20,U_NORM_484,1377.08,2026-01-31 23:38:00,1,criminal_outflow
TX_6061,U_NORM_103,U_COLL_3,9820.95,2026-01-31 23:44:00,1,collector_inflow
TX_4136,U_NORM_636,U_NORM_584,108.34,2026-01-31 23:46:00,0,normal
TX_137,U_NORM_340,U_NORM_267,797.66,2026-01-31 23:46:00,0,normal
TX_3037,U_NORM_206,U_NORM_299,620.05,2026-01-31 23:48:00,0,normal
TX_5455,U_CRIM_23,U_NORM_428,1537.79,2026-01-31 23:50:00,1,criminal_outflow
TX_6424,U_NORM_850,U_COLL_20,9982.65,2026-01-31 23:54:00,1,collector_inflow
